-5.479195291618557118e-01
-2.759393626216470885e-01
-2.563662533524815323e-01
-3.798147554333977105e-01
-2.843930802832135285e-01
-2.500861066190271931e-01
-5.394831322938422602e-01
-6.019609972749626614e-01
-4.180680854794860402e-01
-3.610049719029988502e-01
-5.008325624206775295e-01
-5.824990376570859940e-01
-5.586869944039691838e-01
-6.522817822613315997e-01
-5.576907193171416477e-01
-3.824841388278426013e-01
-4.319395225855449105e-01
-4.073157869737349390e-01
-3.697231446701927382e-01
-2.110462544497817561e-01
-6.187881005911806120e-01
-9.531275389476947524e-01
-6.718002444881421287e-01
-1.209464496504277786e-01
-3.514585192244836787e-01
-5.011999779419524792e-01
-2.815082014231573559e-01
-2.661026570177260631e-01
-2.233494805042020026e-01
-2.272970178003468344e-01
-1.937603469973230297e-01
-2.591111828668914985e-01
-1.187181749744830039e-01
-1.898090995997192554e-01
-1.088490139103235776e+00
-9.108945828043086834e-01
-4.446599796286174744e-01
-3.270250750037209109e-01
-2.272330337122925314e-01
-3.402289198761219158e-01
-1.563931079428846349e-01
-1.283703701536897945e-01
-6.207290896416526316e-01
-8.105002520659543297e-01
-5.499881680857945376e-01
-3.480463006002512127e-01
-3.632951923030607322e-01
-3.285022507457777685e-01
-1.896517053627186922e-01
-9.312929231480748804e-02
-7.938837231344912926e-01
-3.986765915969994190e-01
-1.023836621188483953e+00
-3.278633669833548314e-01
-2.713415240955050489e-01
-1.146011502643258240e-01
-2.117886559702377713e-01
-1.691904780615351989e-01
-8.599142962941381807e-01
-4.569469665407475123e-01
-3.673776612134576069e-01
-2.172560652091704014e-01
-3.321580525871588030e-01
-1.369197449727874716e-01
-1.492285451908723637e-01
-1.571472320403344280e-01
-1.323042590358294301e-01
-1.933556513205902938e-01
-2.276314544229911530e-01
-1.724660903049834992e-01
-1.767182376681293299e-01
-1.075152213689729574e-01
-8.680281973032610843e-02
-4.809782423014723474e-01
-8.573680484484955677e-01
-4.683782216241199059e-01
-4.510344309774505511e-01
-1.348477026342156382e-01
-3.138687545102190057e-01
-1.355073375018083226e-01
-1.854975195988799452e-01
-3.518703485688876587e-01
-2.249542447662327138e-01
-4.770159021081930018e-01
-3.283731739059794208e-01
-4.208822258046540643e-01
-6.593685831994144930e-01
-1.730493995007649222e-01
-6.019539861064839847e-01
-2.810908750552469915e-01
-3.364465313423523618e-01
-2.339360115360076264e-01
-1.578516744523605908e-01
-1.658485593383705048e-01
-1.380735191055300071e-01
-1.937991812318085039e-01
-5.636222282546969886e-01
-7.546631590811274659e-01
-6.285016634145674796e-01
-6.448956353157948573e-01
-1.475279622714054106e-01
-5.288271410437035414e-01
-2.312400702458770052e-01
-8.216643747334650971e-01
-4.017469989918991402e-01
-4.605588032813583421e-01
-4.343424573062939498e-01
-3.443491765092039358e-01
-2.768408311855958814e-01
-1.954382739558133686e-01
-1.285385705053876393e-01
-1.095231683925894650e-01
-1.141389168427786593e-01
-3.205410884581958442e-01
-2.939415039834016863e-01
-1.467640676066863659e-01
-1.417806148368827568e-01
-4.210592778213062548e-01
-4.944297844673239961e-01
-5.176320373075899983e-01
-1.295459208516613892e-01
-1.186611562965400601e-01
-1.660706879633280231e-01
-6.201731013822529004e-01
-1.729151533723989331e-01
-7.994531168167311463e-01
-1.510426114381500096e-01
-6.678225589876709556e-01
-2.554604217039169178e-01
-4.174672370040697356e-01
-4.831860894134150097e-01
-3.875657298283421426e-01
-2.990755729778939997e-01
-2.870007480033853753e-01
-2.810122731812438879e-01
-3.625078544529323210e-01
-1.705202525631779320e-01
-2.053136099969832262e-01
-7.993905421874980544e-01
-8.848775318269170853e-01
-2.268705130828965189e-01
-3.132614569806233540e-01
-8.987471289518083051e-01
-2.597558319507857760e-01
-3.352191426154620402e-01
-3.352758960294790480e-01
-1.450464890637614968e-01
-1.941330734068351660e-01
-2.525539116931010408e-01
-2.400898438222396347e-01
-2.798701908346206135e-01
-1.565435291196746181e-01
-4.663570662263281097e-01
-1.585052810571425663e-01
-3.346764261196473189e-01
-6.728490999836325148e-01
-4.343381713330429772e-01
-5.368045467982758279e-01
-2.730447320842861458e-01
-1.904793042616583776e-01
-3.093788291430361603e-01
-2.154668247605207032e-01
-7.818024051295739962e-01
-2.087180283906322487e-01
-9.318056517382542481e-01
-2.605957857193008653e-01
-2.797258270072575659e-01
-8.569563713935193228e-01
-4.800741897877889297e-01
-1.607547900809458419e-01
-8.780773912392692004e-02
-3.284327390195214136e-01
-6.682791826567702209e-02
-3.583921197827637517e-01
-2.967679046986857472e-01
-2.426051028703755108e-01
-1.787260242700965396e-01
-4.329911417599094925e-01
-6.037201284018092196e-01
-5.892572919688403577e-01
-2.463705024008118194e-01
-1.352771442068161356e-01
-3.702972122144365663e-01
-1.663890812070802916e-01
-2.231118971842096510e-01
-2.493451327074300838e-01
-3.199199102343319723e-01
-1.786975617777524228e-01
-3.850786369995258251e-01
-2.250986209085750200e-01
-2.822821129613664048e-01
-3.235062725490001068e-01
-3.472529923791607409e-01
-5.397692433028964398e-01
-2.885623946377366966e-01
-3.256588867247900421e-01
-3.519376828054856521e-01
-2.068564157230214917e-01
-1.029122057257589429e+00
-3.244007489768772068e-01
-1.101745040802697861e+00
-5.119934966442269975e-01
-1.217292553611195149e+00
-6.183007888644922456e-01
-7.660854295144097215e-01
-6.259123823377144014e-01
-6.453625155669657776e-01
-4.087951585231484053e-01
-3.488659322628451243e-01
-1.804500644280140342e-01
-2.507937332179128731e-01
-2.392400457863930185e-01
-2.111820470595464627e-01
-1.966118283001596634e-01
-3.742761745800338158e-01
-1.916306640268534700e-01
-2.202003463717354670e-01
-4.012894729841014474e-01
-2.895845788235351659e-01
-2.564440499773541493e-01
-4.265801469389369771e-01
-3.186520115132240871e-01
-2.531628447890335032e-01
-5.539071923326053248e-01
-3.500222752426132011e-01
-7.100803099726300527e-01
-2.437653062108127155e-01
-3.503370292899057326e-01
-8.417937201373484335e-01
-4.808781253233676001e-01
-9.926138784050730912e-01
-8.358194053633065668e-01
-1.026374399291516859e+00
-2.461370426852445004e-01
-1.604140314657682698e-01
-3.231255041784069082e-01
-1.012971993930253944e-01
-8.320793919573987729e-02
-3.858154420278459007e-02
-4.246175882067015905e-01
-1.728902491152717324e-01
-2.166102885107290543e-01
-2.750304594868422381e-01
-2.122036221934064937e-01
-2.906924172805656070e-01
-1.750552533662348420e-01
-2.013368299816713503e-01
-2.738937526297520186e-01
-2.886903186558402723e-01
-2.896580746493220282e-01
-3.615639967492334517e-01
-3.178893151055512956e-01
-3.502264202844957985e-01
-3.876210202454783982e-01
-4.595228064718723804e-01
-5.105389501217192372e-01
-5.923047711888287381e-01
-6.633029785573512083e-01
-6.922288643740897029e-01
-8.706013306273456820e-01
-1.102963226374871208e+00
-1.076294865495491138e+00
-1.021959475053241473e+00
-9.146448453203521733e-01
-4.441077541272500095e-01
-4.913699821935713086e-01
-1.950389393423670459e-01
-3.090953989408513625e-01
-4.006405095843581510e-01
-3.265246364951965852e-01
-2.209508299990952107e-01
-2.297111467083796654e-01
-2.432691959031354489e-01
-2.165856949611906224e-01
-2.090283951464508849e-01
-1.992677592248306429e-01
-1.953484196615016266e-01
-2.262668931179645515e-01
-2.406632010811498024e-01
-3.131364324823218137e-01
-8.797002330435694795e-01
-3.513910558331989620e-01
-4.846205894195951824e-01
-1.887433861128211543e-01
-2.103032570406306867e-01
-2.526019797290226521e-01
-2.679110715188905978e-01
-2.133101329840272342e-01
-2.520356018929392761e-01
-5.933392300552964294e-02
-3.751209067449223777e-01
-2.783981614264818827e-01
-2.642560511661775635e-01
-2.089654706728480971e-01
-5.369857129772048765e-01
-3.783940307870459208e-01
-5.172806810253123277e-01
-3.898319788828190635e-01
-4.774573443272818185e-01
-2.292536687705108989e-01
-4.782809765619093767e-01
-1.055947925166729195e-01
-2.797650043936488196e-01
-3.496247368296101499e-01
-2.799024904443676576e-01
-2.007149047541780806e-01
-2.225464325460222437e-01
-5.211030349973198028e-01
-3.707433829730892860e-01
-1.169014103476180289e-01
-1.264491091312660576e-01
-4.839771850665453012e-01
-8.477519405032363231e-02
-3.726291659969522829e-01
-2.356468947290182303e-01
-4.713419097916984324e-01
-5.147668767672135548e-01
-2.012246030860327384e-01
-4.858258304522000692e-01
-5.310591218859455065e-01
-3.169255027306334682e-01
-5.085929136107467663e-01
-4.447602612634222741e-01
-4.838611898975366810e-01
-3.763368091692429473e-01
-3.136733853694657626e-01
-2.353847955685506310e-01
-3.913045114666624524e-01
-4.839744316910499222e-01
-1.243057763013930561e-01
-4.494878417838996665e-01
-3.723553062341109499e-01
-1.638731786524638689e-01
-5.986114840321130615e-01
-1.072159636871976574e-01
-3.819837853730267963e-01
-3.762896701755711337e-01
-3.471318360591491015e-01
-4.476079502853480552e-01
-2.272274307036805663e-01
-1.474649005923585054e-01
-3.355843584021991344e-01
-6.118193269891760711e-01
-3.283024835059262792e-01
-3.112607781206431223e-01
-3.391734233437171397e-01
-2.394294221905508557e-01
-4.511656563043069390e-01
-1.967106338954325295e-01
-6.089152126824373124e-01
-2.007306820203107467e-01
-2.284384039610078965e-01
-4.680251080512998207e-01
-1.404034945362808706e-01
-2.656347765104327685e-01
-3.211004139084356890e-01
-2.449031765879139400e-01
-3.994063246867867178e-01
-1.339825518893187350e-01
-3.371518924217697943e-01
-1.727187914281802517e-01
-1.445547047669797358e-01
-2.064166241762679377e-01
-4.306901747357310128e-01
-1.561163888863077442e-01
-4.289265924342631209e-01
-2.833206022805634383e-01
-2.259461712071031414e-01
-2.485006725795431137e-01
-5.771804258252246633e-01
-3.900440200608219499e-01
-2.009967162140995356e-01
-2.356903292633623082e-01
-5.677540005859835759e-01
-1.825868548926048440e-01
-1.859274832757755735e-01
-5.268604650518804444e-01
-3.665860978478447940e-01
-3.226530726091947354e-01
-3.215765459379109625e-01
-2.511253998361893114e-01
-2.476832766179657419e-01
-1.573009623779382249e-01
-3.070702238263156580e-01
-3.732225107921132157e-01
-1.954993326172163037e-01
-3.493318196824859445e-01
-2.020516408325321311e-01
-4.134339456736393359e-01
-3.684637431459869550e-01
-2.948422974541553554e-01
-3.206846652713073453e-01
-2.007339141947643846e-01
-2.552482495402073059e-01
-2.042978519770652923e-01
-1.559413943797467450e-01
-2.136919416514238002e-01
-3.470839664425175997e-01
-3.321480898922386515e-01
-2.052551535343527522e-01
-2.065632534650734264e-01
-3.657155717568738584e-01
-3.705818275024190811e-01
-2.499958203671797108e-01
-2.545129740540872376e-01
-1.409380205382626539e-01
-1.883673478910288246e-01
-1.698997301111635494e-01
-1.232991088502914945e-01
-1.447402842010934165e-01
-2.617308343922610803e-01
-2.614433596482714783e-01
-3.544520596735218909e-01
-4.023646265353104656e-01
-2.647018173615174330e-01
-3.216803376070149767e-01
-2.521250263613650233e-01
-2.783074134502043773e-01
-3.102533566213625527e-01
-7.574573482120907642e-01
-8.028075708631243756e-02
-4.595344397284697457e-01
-5.126670271689512948e-01
-1.367971813343191734e-01
-4.706889550562596281e-01
-5.013845918462844775e-01
-4.533565874906495541e-01
-5.197130115858947796e-01
-3.888634063735627588e-01
-6.805746680594102482e-01
-6.646117925297423401e-01
-4.655695151381289421e-01
-7.236400998492980019e-01
-6.395768608449305948e-01
-6.119906925312057488e-01
-6.152283897576649174e-01
-5.354014230793848750e-01
-3.266453855261493011e-01
-5.089145866033149002e-01
-5.240222688282265562e-01
-9.238265427550418352e-01
-7.526614022345303745e-01
-2.664530587976943199e-01
-5.948500850779303573e-01
-7.506548494618157097e-01
-1.503604216687111084e-01
-8.998255017643952414e-02
-3.921521263410485680e-01
-3.179657732223872824e-01
-3.723941594792634646e-01
-3.995567575059095766e-01
-2.283064395827014703e-01
-4.422400424567503041e-01
-8.477619680219710130e-01
-7.456215762815208148e-01
-6.186674370561462410e-01
-2.755856232601663347e-01
-3.282942989836494796e-01
-5.870228560871122436e-01
-1.788069952323105838e-01
-3.562568711844056324e-01
-4.835331006829359790e-01
-8.065793955735220955e-01
-6.396480399445287901e-01
-3.228610176817585664e-01
-4.484387062242480848e-01
-5.846764976219755994e-01
-1.933516417237872709e-01
-2.690968328684519850e-01
-6.019494358105756948e-01
-5.656685158402683378e-01
-1.004767985905005379e+00
-3.185153124285013959e-01
-4.691083233139174968e-01
-4.985868475144199508e-01
-1.635837231867494079e-01
-4.811326160196303103e-01
-9.423438478369148275e-01
-5.653508747058646478e-01
-2.769172192745417149e-01
-3.962849107812351779e-01
-2.558916090535494625e-01
-2.371501447612147651e-01
-2.868853606477232976e-01
-3.602698641041814920e-01
-2.297429269193882462e-01
-3.788037114141864503e-01
-2.822110458542181899e-01
-2.534115324024635019e-01
-2.358698627914257440e-01
-2.584508146402044737e-01
-2.346473395237236304e-01
-5.094033243341271611e-01
-8.364562360965737131e-01
-4.278727864003346593e-01
-3.113449083760249092e-01
-2.532696654930717273e-01
-4.432074101476350947e-01
-2.740912645702717754e-01
-5.776799783575479186e-01
-3.935208789623743098e-01
-4.399492969124880748e-01
-4.419320573056844115e-01
-4.253299541052939503e-01
-3.651930252178139380e-01
-6.656295778515768369e-01
-3.974339932274604248e-01
-6.888158126643462165e-01
-5.338917806526484178e-01
-4.225567548013198227e-01
-2.727623733259418870e-01
-4.223195818560550041e-01
-3.831208760471678243e-01
-4.116989318588453184e-01
-3.847720784531825089e-01
-4.137869397848594755e-01
-6.827300389610564402e-01
-6.608446058542518653e-01
-5.879466802556188032e-01
-3.273708085937117040e-01
-6.442837762809157098e-01
-4.943884371562550228e-01
-7.692275234698855435e-01
-6.508266873191388413e-01
-5.851890603978033845e-01
-3.375377373606047726e-01
-2.779260376389358633e-01
-2.234098302630815880e-01
-2.457934922729108074e-01
-2.229633585278663066e-01
-2.337769502347979422e-01
-2.260984359720876746e-01
-3.177316414962476632e-01
-5.363923104643613105e-01
-2.337036414364033199e-01
-2.490973679227030946e-01
-6.241150633930521163e-01
-5.416217271676955214e-01
-4.231336639946332578e-01
-2.307180095129575115e-01
-2.363486476468779074e-01
-2.231826232009119781e-01
-4.075366757508918081e-01
-2.304861303150538276e-01
-5.613382633924890452e-01
-2.363356639835161310e-01
-6.931235210641757405e-01
-4.631967185582261948e-01
-7.182199294024806946e-01
-7.823083487874720188e-01
-3.373802303431367999e-01
-2.406219067707922044e-01
-3.839481774296398253e-01
-4.072812262763136903e-01
-4.132807611900415345e-01
-1.777100730100007464e-01
-2.401073118138343787e-01
-6.204207764328146801e-01
-6.715630158513936632e-01
-3.266077268914764353e-01
-5.631936748880446153e-01
-4.639705977826564798e-01
-1.496735967526414690e-01
-2.983725956459957196e-01
-3.135530861241568878e-01
-3.769532858367683481e-01
-3.491698996962517842e-01
-5.151951131011536233e-01
-2.698239870215024538e-01
-5.717735641441499261e-01
-2.066869253201903955e-01
-5.459589199864007814e-01
-2.366255432560817606e-01
-5.278476812358747772e-01
-9.189434015679180945e-01
-7.791103231142482155e-01
-8.497621078894588287e-01
-2.497889743511823024e-01
-2.215516029753556992e-01
-2.807750844525067624e-01
-2.497091027839617450e-01
-4.191412747683886941e-01
-2.083353540205166166e-01
-7.518494959133816824e-01
-2.281292229918525649e-01
-3.069125324351578143e-01
-8.348062091479482305e-01
-7.001799536449142547e-01
-2.492724123020721994e-01
-2.384864277543194966e-01
-2.781256609937894364e-01
-2.499456159532420507e-01
-3.317196194924150188e-01
-3.294332168793832061e-01
-2.504956346089413088e-01
-2.199876216186185118e-01
-6.246668355107398707e-01
-8.564707934466004868e-01
-9.103575640665928503e-01
-2.024134710372624824e-01
-3.315130949684759187e-01
-3.581608810085841199e-01
-3.125817941303734582e-01
-3.998327727018466948e-01
-2.618336322834520224e-01
-5.606082683420088308e-01
-2.550208303417049738e-01
-5.939848818374984241e-01
-2.460127540149090741e-01
-1.962201756218904247e-01
-2.245261055641132319e-01
-3.034748295116398431e-01
-4.345827408038047679e-01
-3.142304227944079376e-01
-3.044167004683095978e-01
-2.457518329364847265e-01
-2.112088050558593721e-01
-8.746317601461608415e-01
-2.310045473195174726e-01
-8.786364230683081367e-01
-3.423084985555786552e-01
-9.979771109864501444e-01
-6.766201869061614360e-01
-8.796150054183629052e-01
-9.519894965893878069e-01
-3.856162998314034418e-01
-4.542274968461972318e-01
-4.343030822615725484e-01
-2.822839146550366607e-01
-3.723326616165709702e-01
-4.193609414732459850e-01
-3.073174784441352614e-01
-3.665979499233120720e-01
-5.512859367968707680e-01
-3.375734981479749930e-01
-4.716568269188667895e-01
-5.698489455862865150e-01
-3.304911988105525555e-01
-5.112789980587364447e-01
-5.769335494526206531e-01
-4.316117306190949687e-01
-6.450491290901629871e-01
-5.472129996014731823e-01
-3.673047908095303793e-01
-7.447929726571771436e-01
-2.315487805879712369e-01
-2.782258364701104547e-01
-8.728054072654036766e-01
-3.074855342801063873e-01
-9.600710977139574887e-01
-5.295597107020859617e-01
-8.148557522081767424e-01
-2.122059912376990098e-01
-2.667296852138951735e-01
-2.304305935622290580e-01
-2.449617103861030376e-01
-2.336166052202159893e-01
-2.111904654286584915e-01
-3.110466381607659425e-01
-2.632326095817343337e-01
-5.280503160463472234e-01
-5.812574044931351214e-01
-5.443760778610884365e-01
-5.627082032217312069e-01
-7.270386603616334487e-01
-8.150889213290373192e-01
-7.247466467755299124e-01
-8.420865291835935018e-01
-8.464685990019311657e-01
-7.009703750453732951e-01
-5.267582933214638441e-01
-6.331345911835237761e-01
-5.450080825860541545e-01
-6.405604725370614982e-01
-3.231059634540431880e-01
-3.388163517810944825e-01
-6.034995834256122738e-01
-4.215879767431152114e-01
-5.390058328604754312e-01
-7.434779043578634283e-01
-1.041862116020419560e+00
-8.270446307693075649e-01
-8.999713886489155712e-01
-4.514865395371610024e-01
-3.553070084142917473e-01
-3.004311290731118689e-01
-2.471744571100820131e-01
-5.209482462260799362e-01
-5.351814682656004241e-01
-5.138196390967948446e-01
-5.553987428447959562e-01
-4.928823269746003266e-01
-5.054283393867027296e-01
-5.732688043800793221e-01
-5.641760552507131266e-01
-6.217190291334864227e-01
-5.899032816572640225e-01
-9.289848545021419657e-01
-9.165654454561638076e-01
-8.612499329228986422e-01
-3.097709075931471823e-01
-3.829165212956813225e-01
-3.246504061558368459e-01
-6.764705233518701899e-01
-6.018304879556821696e-01
-5.683134678181682720e-01
-6.501050821884197806e-01
-1.632754292896463344e-01
-2.070478199661869301e-01
-5.619073611770786236e-01
-6.608295170270603869e-01
-5.699908791878778302e-01
-5.311670790422271526e-01
-4.917137796404340566e-01
-3.886848041774728646e-01
-3.899511307329444065e-01
-2.349341904777593193e-01
-4.124966013297959311e-01
-1.976283552869986249e-01
-5.961180281432674199e-01
-3.101247780055855774e-01
-2.831977268780547785e-01
-6.222659085627058051e-01
-6.120804902455510010e-01
-4.088443337914502429e-01
-1.798453272748605780e-01
-6.376398713452462452e-01
-2.594718218602376503e-01
-2.134772008561074408e-01
-2.189914417721805506e-01
-2.451384716433420152e-01
-1.780175046541649930e-01
-5.138760103463018147e-01
-3.893468597513096707e-01
-4.924816451240978665e-01
-4.358357910851977657e-01
-1.667750813769970364e-01
-3.431054381716669432e-01
-5.378454739457712019e-01
-2.717989502224404941e-01
-2.684809646145094320e-01
-4.061670549568181521e-01
-4.951952597744855300e-01
-2.026951455941430336e-01
-3.283997409763181885e-01
-1.487845931699725011e-01
-3.983755228843288698e-01
-4.645529728835420258e-01
-1.214806735941840188e-01
-4.886520340200395385e-01
-1.553827798678384386e-01
-1.040568135224864132e-01
-6.816879572709628743e-01
-2.398380840282774429e-01
-4.077712402675492953e-01
-2.088054636915677165e-01
-3.250716515576048682e-01
-4.705779664150104846e-01
-1.771990970877364013e-01
-1.551277851233008320e-01
-2.487472122396805485e-01
-6.659177700547322942e-01
-3.719299593162810336e-01
-2.087982331431601501e-01
-1.087008814590113559e-01
-1.877388509462400989e-01
-5.254941359746598817e-01
-1.820886302171826898e-01
-6.302368373086368880e-01
-3.042837703502263569e-01
-1.974425303901292672e-01
-5.185584273334291616e-01
-3.046941967169247700e-01
-1.940384529150287474e-01
-5.628463812228168273e-02
-2.099269190397416995e-01
-4.751892833804038929e-01
-2.387723327736637202e-01
-3.299724498486635849e-01
-1.921893349695404929e-01
-2.820938398277577086e-01
-3.055495001745598405e-01
-3.252204104879918845e-01
-2.349992155171083397e-01
-4.914282879595532894e-01
-3.848612069177415052e-02
-1.892207818773647965e-01
-2.015556759365928485e-01
-4.128000312201283162e-01
-4.658086355431998449e-01
-2.169959168693045282e-01
-1.028934872547413448e-01
-3.786263338282955804e-01
-2.847345324058772054e-01
-2.504672535782788145e-01
-4.225234737366183602e-01
-4.563561582959247964e-01
-4.507695235125261934e-01
-4.468339134564833781e-01
-2.392146264316277193e-01
-3.165034183876618279e-01
-2.226760828516771706e-01
-3.702153576534348289e-01
-5.228796409581364379e-01
-2.959227059038203045e-01
-4.148705654852029578e-01
-3.163978466354484542e-01
-5.184994756816221351e-01
-4.451557555064822314e-01
-3.873853855290612103e-01
-5.402416159653564698e-01
-2.816122887387400020e-01
-1.490144942195010813e-01
-2.288940675487642906e-01
-6.759161715219306199e-01
-2.860136032454425603e-01
-4.572429371470905224e-01
-6.437884899205064126e-01
-7.026174957457043124e-01
-3.978262961641216844e-01
-4.804762870959975452e-01
-4.913898533054097406e-01
-3.331494771821592593e-01
-7.644656840078105642e-01
-6.660319018082385689e-01
-6.409791256996226760e-01
-6.306513864811935655e-01
-5.215645505730204246e-01
-4.125527627594423041e-01
-6.938405954473698678e-01
-6.886109682013514810e-01
-5.049947896546431725e-01
-5.178366161879375262e-01
-5.745948396924096535e-01
-3.959379832097729146e-01
-5.838156298223406981e-01
-2.591503027002668436e-01
-3.128779600081506018e-01
