1.192066254851244844e+00
3.527646087474097664e-02
-8.805176471370988744e-02
7.224132576467713340e-01
9.266403745800518843e-01
-1.912336336560573891e-01
1.177367513161125867e+00
5.092796797958125676e-01
1.048695361785504820e+00
1.195146916190020780e+00
4.870875989530239480e-01
1.062879750734332829e+00
8.780213925073581116e-01
7.308086652473589906e-01
7.805751307075212697e-01
9.137237676199753619e-03
1.364225908251595509e+00
1.222932226021133939e+00
1.309136416287538962e+00
-5.203187036968256463e-01
8.166438077459912126e-01
6.116141293040738836e-01
6.685149839687811735e-01
5.402262193285671810e-01
1.085708726113344263e-01
1.473969823873623408e+00
5.248534792537692395e-01
2.100987681501138293e-01
2.872730362250587310e-01
5.819747824155794280e-01
8.738314395532541523e-01
1.211514834349365133e+00
7.852645383905498822e-01
-5.196211349338517582e-01
7.602673168113222024e-01
7.097942438766802198e-01
9.296535000296874962e-01
5.910468256245648977e-01
6.270019994887940928e-01
1.307597204303194260e+00
1.077996826842099187e+00
-3.754671487177843048e-01
7.992251221437810527e-01
8.031286580650791596e-01
1.224834379268771256e+00
1.014242804204450454e+00
1.364513395326635847e-01
1.295943132619595373e+00
1.148149918723447627e+00
-3.370587348343482281e-01
-1.818898020028844875e-01
1.865037240388967565e-01
3.165375292635854154e-01
7.520625188282870077e-01
1.337910442682434864e+00
-1.405884574774471096e-01
1.270840233290110532e+00
-8.971931517336537154e-02
3.518772981399435062e-01
8.342115607941447131e-01
8.945112091106959262e-01
-8.668546829212712967e-02
8.256363814314464644e-01
-4.339878033196357121e-01
3.104027531371586490e-01
5.368628702113100726e-01
-1.820655481949440546e-01
2.798712135270038370e-01
-1.776731502814601904e-01
-1.549214198157126965e-01
1.405720434585880474e+00
1.180506477860169406e-01
-3.592059554699056911e-01
2.272089876840181766e-01
2.892253877024724140e-01
6.296303101690785553e-01
5.392102165697840732e-01
-4.698925591011127167e-01
4.424252632752337377e-01
3.665321582106172427e-01
2.922691287371880220e-01
4.596535659068143320e-01
1.327378919843299754e-01
-6.714851725017467743e-02
-4.136355571109485291e-02
1.987184430071460284e-01
1.273554338966459420e-01
-4.834328274871865228e-01
1.654563346534831669e-01
2.191566223452158513e-03
8.164273763909601911e-01
1.315652150979243484e-01
2.130377505180349185e-01
3.677820121191808372e-02
-2.918920673215006922e-01
6.223775796436664849e-03
3.418503269362280772e-01
2.757448165575088206e-01
1.034135449909983073e-01
-5.575982971712780539e-02
-3.872462747996755494e-01
1.711213944923344332e-01
1.560345720608247444e-01
5.681319657982663029e-01
2.895438905383828088e-01
4.902363244680904009e-01
6.980301977702478844e-01
9.567187970651813700e-01
7.559485852279750340e-01
1.330467620941848672e-01
-3.909971009277553589e-01
2.149300845479139577e-01
1.599039172581470103e-01
3.440187347216015490e-01
1.016948006502098378e+00
5.673548436064835832e-01
2.517932363078081437e-01
3.209631048547331167e-01
5.723455475687083682e-01
5.666159462775527400e-01
-4.344899299562307582e-01
-2.439289763210039097e-01
8.988282107180104452e-01
-3.182808433431112694e-02
3.410172830291221535e-01
2.787197922025434482e-01
-1.714237853980752901e-01
9.080619246606470851e-02
-2.759826514892029653e-02
2.468929715791671198e-01
1.922092978259943852e-01
8.621188511152184653e-01
1.109206364883736473e+00
6.161776825327004437e-01
6.866502024463008169e-01
8.110713619778019412e-01
9.422220936491512155e-01
2.833460455993700444e-01
2.904776307582066508e-01
1.561417733262969731e-01
-2.219575535312377501e-01
-7.568826931427140303e-02
8.485486763961167522e-01
1.619990508333228607e-01
1.154425547567182297e+00
2.153107855887268218e-01
1.186728228919377848e-01
-9.256081483803062226e-02
-1.205263085518421262e-01
8.415658244018300316e-01
-1.473969969129594326e-01
4.963691937628571527e-01
-1.433133733280812783e-01
4.764172110287518969e-01
-2.138885121896222652e-01
1.265307918693705236e-01
3.345490553984211690e-01
3.419832154070632790e-01
7.345329664758915023e-01
-7.378550395968949682e-02
6.748105290938650747e-01
6.482865552367782502e-01
1.887474559047870593e-02
4.943442797062149174e-01
1.605860429823358915e-01
-5.695398284577991854e-02
-3.691571754708465880e-01
2.723907475734045347e-01
-1.557340722718638104e-01
2.471981031802743811e-01
3.997543968986373430e-01
-8.476534600633496910e-03
2.856619967868814780e-02
9.980126812048652207e-02
3.986280336457336260e-01
4.021446709555533960e-01
3.297966089780144383e-01
-2.466274992546815814e-02
1.155235136228711795e-01
1.082290101463762033e-01
4.939267892813317129e-01
-1.753480833503899827e-01
1.448429607305671274e-01
-2.542663536638131161e-01
-3.949689690372260586e-01
7.560285130019014366e-01
-3.010706964032843214e-01
7.308322503887330068e-01
-2.351085135840780826e-01
4.419169600555670208e-01
5.435392305415213121e-01
-2.843159452636246851e-02
-3.249344642436809982e-01
7.652155325321106094e-01
4.178101303336171357e-01
5.392150866963363320e-01
-1.762874401249923256e-02
-1.442238364611967694e-01
2.442852626749639766e-01
-1.896257192368259736e-01
2.948495374018312853e-01
-3.409327445433887327e-01
3.672359297755004581e-01
1.179549091433720540e-02
1.378906340719927293e-01
2.010243875098402244e-01
6.073914398806603554e-01
-2.443967743479962262e-01
1.752273286134595903e-02
-2.600174685377190098e-01
-4.027488915366475020e-01
-4.702461848615944184e-01
3.655170331250880422e-01
-3.912386404916541327e-01
-3.355378124059978373e-01
7.024491806303024832e-01
-1.152350391030231430e-01
-3.476874124895636964e-01
5.911239728052408715e-01
1.066350281358519336e-01
-2.960113735490994546e-01
-1.128807614424063577e-01
-8.012598327468156700e-02
-2.252937144772497735e-01
-2.860684197390948036e-01
-1.234835807401097330e-01
-3.568835893708103280e-01
-3.389189127832664128e-01
1.814538821503577926e-01
-3.131669554405897005e-01
1.771663685863356652e-01
-4.282721701930690406e-02
-1.201939936377174334e-01
4.283630782343148535e-01
-2.051199293355414621e-01
4.314503516577427034e-01
4.342302887383823751e-01
4.810680443258071315e-01
7.091657510303044087e-02
1.708693636487125245e-01
-1.838417983133976141e-01
-4.150786961500935179e-01
-2.638054486602557369e-01
-2.183657765993285149e-01
-1.311324317120855787e-01
-4.849340729108735371e-01
-3.145628698580323346e-01
-1.986593292680678968e-01
-1.759583460112819076e-01
-4.523438263750442223e-01
-4.707550935167494760e-02
-1.126448204575545009e-01
-1.535014816950214245e-01
-4.112743722799343526e-01
-1.450817167526519680e-01
-3.036460491337187872e-01
-1.513552767865706250e-01
1.721353566251372993e-02
-1.129410841371012580e-01
-4.689233574470996757e-02
1.483568981354049521e-01
2.551080802687377691e-01
-2.677541848735130042e-02
8.248530571283275992e-02
5.275811422037672838e-01
3.174358520593505983e-01
-1.067219424639293326e-02
-9.035943550762375043e-02
-2.729961654766718815e-01
1.274567999253388428e-02
-2.999824773544136902e-01
-5.074466955779188826e-01
-3.173192017596712100e-01
-2.780702328443170890e-01
-2.073255277439782773e-01
-3.492168592352896672e-01
-1.867058853901382154e-01
-2.829569452251754491e-01
1.432651165992087500e-02
-4.308310997804442044e-01
1.078893965289252910e-01
1.746066101177266017e-01
1.073486192863063737e-01
-5.172592758800033108e-01
-5.704568544803708674e-01
-5.598167099253237300e-01
-3.087112582580834319e-01
-2.414542247480437887e-01
2.220643337672261464e-01
1.716552795009720633e-01
-4.908448200761809099e-01
-4.933426315819069430e-01
-5.159263560160638473e-01
-8.868546060876190962e-02
3.484351382043336387e-01
3.007118849540703076e-01
3.758332713982399098e-01
2.945625138738400262e-01
-2.026196133198140403e-01
-1.727532523640951390e-01
6.227350710673893452e-01
-3.027118535755435325e-01
-3.374427522487753739e-03
-5.051597431851950759e-01
-3.713789950834862630e-01
-2.711259481962459694e-01
-1.078812184696024100e-02
9.997753665891592201e-01
-9.057318649544204847e-02
4.835784049015331432e-01
1.821136507798980231e-01
3.499010889511211531e-02
1.783342512224902476e-01
-4.511142849578273495e-01
-5.215537983178601955e-01
4.010994210598054499e-01
4.454760192213848002e-01
2.360728106555043115e-01
-3.041271721644782655e-01
5.196655758801722591e-01
9.381273799645639677e-02
-8.012809559891362343e-02
-2.488937926335265671e-01
2.677934065368364758e-01
2.024985065217626279e-01
-7.165959269716498659e-02
1.667011588631281960e-01
2.269411210753042585e-01
4.458963231248592729e-01
-2.804902334478270864e-02
2.077190372018644371e-01
-6.558123807425486618e-02
-1.172669587966069793e-01
1.196247367172455167e+00
-2.267828699213694787e-01
1.418550800428946060e-02
-2.242846395959594563e-01
-2.393640797437898982e-01
2.619641663300698031e-01
-1.736115466606337754e-01
2.979053052336644303e-01
5.016089317574655426e-03
1.169944992581568810e+00
9.631361058820447907e-02
1.426854452392233852e-01
1.403233787819887501e-01
-3.387754677949139648e-01
-4.304210285030071748e-03
8.492349523532538580e-02
1.047361035564709608e+00
-1.668906343396945324e-01
2.750737836191410324e-01
4.039371979409753788e-01
-5.277370152490956645e-01
-1.708847256145550053e-01
-5.927062532415636187e-02
-1.433542410937183875e-01
2.240851837116686618e-01
-2.792612326826879876e-01
1.512554764185827794e-01
5.085400410333439369e-01
-5.314337567308320409e-01
-5.365682734334098480e-01
1.857374455369700250e-01
-2.934722736375068863e-01
-8.377436479242836298e-02
5.469241867646026933e-02
-1.701144843142129437e-01
2.190274461272884773e-03
1.009653004455622227e+00
9.652056501127895261e-02
3.593473442099560655e-01
2.271541043676860994e-01
1.122023496942990750e+00
-1.091591540018706230e-01
-1.818116091525345257e-01
9.395247905602069904e-01
1.255234970012078510e-01
2.154686863406886643e-01
2.162663322639066521e-01
3.593455438748696107e-01
1.243689198171635396e-01
2.810281924891278593e-01
-1.837026593899700466e-01
1.119297200457738950e-01
-7.035642574696185370e-02
1.201194491520669039e-01
-5.733303627711041628e-01
7.386155414596010105e-02
2.935711371909190959e-01
1.015579611689267428e-02
9.477475394127374830e-01
-3.248787688150144293e-01
1.924474073330491863e-01
3.185469199422126807e-01
6.163229984146701979e-01
-1.940125756024835280e-01
-1.688014097737722541e-01
6.192081825094292169e-01
4.519338851933415446e-01
7.741347823435376085e-01
-2.688379665915379205e-02
-3.173600446047251666e-01
-3.355054043222894800e-01
6.032426788991971378e-01
4.344286108189156503e-01
4.735647139000516148e-01
7.711433329362203937e-01
8.853958035099838142e-01
7.223203413806905671e-01
4.863852344955871265e-01
4.532872784112442210e-01
-4.433835409967416541e-01
5.360634788702341169e-02
3.427486267818440902e-01
-2.779732831431070972e-01
4.306503152213849717e-01
1.434244703841125457e-01
7.614166680560509326e-03
