7.361475049750755284e-01
-4.500518989998010255e-01
3.696552977516002758e-01
3.422239256022587828e-01
3.535897959334650120e-01
3.353693577526172809e-01
4.660920251668922987e-01
4.671220401328958216e-01
5.362632274125369580e-01
4.253403652963796966e-01
4.431363948429202226e-01
8.774377098006703735e-01
4.298210369699468347e-01
5.203926999812353849e-01
5.434635888790152469e-01
3.719956952192257638e-01
4.936934881883910942e-01
4.569615835890937783e-01
4.301544575343056453e-01
2.387016791498488832e-01
4.641838622904677081e-01
6.861723597277876729e-01
5.827313869742635211e-01
5.402753844651276421e-02
3.361783248762142962e-01
5.687272898759282436e-01
3.141690782120175607e-01
-1.520280673488124679e+00
5.152860769473243119e-01
4.038253850308863857e-01
2.017417971443400682e-01
1.104323704721938831e-01
4.319110702935560070e-02
1.798435373738443976e-01
7.761237336907945705e-01
6.742495819890350628e-01
4.664723708223983412e-01
4.096317661908542296e-01
3.319455290580915485e-01
2.409014660256518225e-01
1.545816859582500175e-02
9.059603057437201623e-02
5.251636609921291887e-01
6.848594184494249948e-01
5.839531664940350586e-01
4.467009939432911025e-01
5.899129431574955396e-01
2.425400907176372134e-01
3.943874487351951147e-02
5.471243194948579615e-03
6.533772613902325554e-01
3.786355271314684190e-01
7.540345719133427771e-01
5.063304546709795906e-01
2.283735214383262602e-01
8.323558000250692868e-02
6.887174860476935612e-02
1.454693011912781830e-01
7.354338780492520877e-01
4.863684302092681766e-01
4.807180391310021395e-01
5.054051748553705092e-01
5.197171583524186067e-01
2.572576822759762849e-01
1.924759689877665048e-01
2.780317306006096501e-01
1.654404968627159467e-01
2.937456154507390171e-01
1.153043432529916729e-01
1.874152831313766476e-01
8.539112012900940130e-02
4.161825367383629320e-02
-3.311639909251734570e-02
5.033378590252566287e-01
6.935468021521534743e-01
4.941944616395324563e-01
4.945913487939454511e-01
3.307378709515068071e-01
5.697840588156988240e-01
1.291233888893573156e-01
2.499114744581390213e-01
1.804232021419090726e-01
1.927826900227892215e-01
4.398893668277156221e-01
2.629359346194588554e-01
3.403895552052856877e-01
5.801358833830404516e-01
1.180563804750512091e-01
5.265848174571173823e-01
3.173363126319803107e-01
6.077655649252964309e-01
1.453419925782959143e-01
1.260924683299189941e-01
8.310490681226094523e-02
1.711207939137335821e-01
2.293092862555088651e-01
5.347841457991308056e-01
6.450592414051391499e-01
5.673172759964112410e-01
5.713696903788673120e-01
5.231076013546207687e-02
4.879021644315724715e-01
2.808149497470484590e-01
6.249457765110075780e-01
5.348609966617973166e-01
5.144990081072934318e-01
5.176992473071895251e-01
4.075895743035881091e-01
3.789791695160547036e-01
2.753942646332239175e-01
1.952609264530481836e-01
7.998951261248042621e-02
5.500094471813198743e-02
1.469656391094394388e-01
2.643984866438689463e-01
3.140676928121587108e-02
3.781666325974756410e-02
4.810160146735455999e-01
5.396008858857742618e-01
5.594896712877392986e-01
2.816357606566713967e-01
2.312352946507240381e-01
5.879069678955049089e-02
5.141305616617976026e-01
4.374458586277765043e-02
6.127161858314870146e-01
8.370236607661193928e-02
4.991381950778888688e-01
2.878565228590188041e-01
5.468958086613856517e-01
6.034727606477346962e-01
4.773178790874892941e-01
4.047042107897672603e-01
5.340978335910901986e-01
2.411038957406907435e-01
2.968571094327966953e-01
5.934784676238316625e-02
5.272198645663515176e-02
6.386847277600958828e-01
6.365885130346483622e-01
2.082888334174304856e-01
3.512449674254967680e-01
5.854124032858922799e-01
-2.491748282073164678e+00
4.224236136512106721e-01
1.797877147810288956e-01
1.731883603801763483e-01
2.259412783009752956e-01
2.809785774341156950e-01
1.600472979612002911e-01
2.973809143040057057e-01
2.859491859152300461e-02
4.163702918967500111e-01
7.315283629467890514e-02
3.513495151953007767e-01
5.079578091209977497e-01
5.115957770852276321e-01
6.214697256379302370e-01
3.736066008507549774e-01
2.231805555964160581e-01
2.675498868784547679e-01
1.261337636093305958e-01
5.861951446722823977e-01
9.923626771548237080e-02
6.374178403677402960e-01
2.436768517482592045e-01
2.837261278175351453e-01
6.042547150380050969e-01
4.623959511340374195e-01
2.903755099924622551e-01
2.663862172287400493e-02
2.945751177847121260e-01
6.986602028186114643e-02
2.846792568681110747e-01
2.645753524906842014e-01
8.772406182329091362e-02
1.467469772246161319e-01
4.130683345437911602e-01
6.177710511330202214e-01
6.335349538098612454e-01
3.660739990578539826e-01
1.856518832724183554e-01
2.343436749492847637e-01
2.124022918514415492e-01
2.526404813182263620e-01
2.275504447555419252e-01
3.258031330394783875e-01
1.007984829858664388e-01
3.891958166220361170e-01
7.201979262296782924e-02
1.786545031029970476e-01
3.033065582916427139e-01
3.266873500552808229e-01
6.342855805632844346e-01
2.417547944546395156e-01
1.573679547973331760e-01
2.348852070082116661e-01
1.744334391754845948e-01
7.100312321953639039e-01
2.909989295834922718e-01
7.481307286563131376e-01
4.239221808092986099e-01
7.556037675641659179e-01
5.221504010841349075e-01
6.960117961169511869e-01
6.258108614200524888e-01
4.368019709713312215e-01
2.988910243333609551e-01
2.095726273991287691e-01
2.318346909907377240e-01
1.686750344836734083e-01
2.799581188940804544e-01
1.873926092211103400e-01
1.507680805689167458e-01
3.849135649323194852e-01
1.314747189882516099e-01
1.578229857881300879e-01
4.228129610860360543e-01
1.397016198137795706e-01
1.681725388723659398e-01
4.371292527812127293e-01
1.944404274265906785e-01
1.860053307489294150e-01
5.436716790513711484e-01
2.188035151200987127e-01
6.082144195268610609e-01
1.820552950215723054e-01
2.567187895206968773e-01
6.768310993005443033e-01
3.828333225378005578e-01
7.725163547076013826e-01
5.881223077553813239e-01
7.250670416350277758e-01
-3.466174323408552915e+00
5.053744071938264248e-01
4.915771574272807531e-01
1.266650704487582435e-01
1.618395819384878254e-02
4.621696641406483619e-02
3.387636465336566483e-01
2.201347348041164109e-01
1.467035119231497320e-01
2.975118466243957260e-01
1.623607862251802980e-01
3.222492787459290686e-01
1.629048594997028199e-01
2.199923825317603721e-01
3.247395011573992463e-01
2.408753321890253762e-01
2.533079473266982018e-01
3.356801263060597007e-01
2.096210472729218288e-01
2.736684296902346936e-01
2.755661983427523665e-01
3.656140330774363401e-01
3.656137925735018501e-01
4.060494135820459372e-01
4.880508742312033577e-01
4.921667591449653822e-01
5.792444908833153105e-01
7.234717397244702086e-01
8.002118749427477029e-01
7.606531716556607092e-01
7.421535700902173183e-01
5.876643881516773193e-01
5.679732828319185023e-01
2.875213046090863145e-01
3.087050789886213731e-01
2.742215360370036104e-01
1.859323686527631636e-01
2.594458952647343275e-01
1.541500297793830798e-01
1.744556007813388432e-01
1.800785924670975091e-01
2.091514972977858711e-01
2.184902986039908568e-01
2.325048670732280109e-01
2.421729074162598527e-01
2.958336300536207331e-01
2.988286673935650062e-01
6.814209081044683147e-01
5.394114248189295635e-01
3.461510369609782645e-01
2.208774674747670252e-01
9.860868162075576981e-02
1.423844405504938460e-01
1.802139997879372013e-01
1.836154884255815634e-01
4.610244336082834349e-01
4.255092156251775309e-02
2.495814974531077590e-01
1.781924613870912444e-01
1.710882442276442650e-01
1.286132427958904811e-01
6.478977539524286566e-01
5.600325663475677063e-01
5.748991867597015304e-01
3.359077919700391712e-01
3.300283078207850163e-01
2.081295028543893866e-01
3.034293711670916216e-01
3.517541263099823179e-01
3.429908838921275627e-01
2.389104029495703885e-01
1.921892116607095413e-01
1.153607664864826077e-01
1.433754281199480507e-01
3.112986199916026320e-01
3.748907185918453622e-01
4.163449688321495951e-02
-1.274296919352448272e-02
3.635037842457318202e-01
7.431959245827012006e-02
2.408224120462037210e-01
1.215136341294004996e-01
6.315819942052826041e-01
5.665116295006592528e-01
3.696131250996055884e-01
3.225142527456417718e-01
6.342334257937044528e-01
3.628414624379681097e-01
3.427958991806204780e-01
2.683056512423956930e-01
5.860579211577726655e-01
3.418380714574881241e-01
1.053730552378979723e-01
9.878962157692254553e-02
5.145576943880159071e-01
5.385987736179373986e-01
1.118428392753380712e-01
6.217486914671070952e-01
2.792823612749308348e-01
9.668296137605683627e-02
3.499304588046429632e-01
4.580295882207781610e-01
5.893558609112228286e-01
1.618323836002875105e-01
7.848381532944034844e-02
4.978542395177375512e-01
-2.027934171140839681e-02
2.173160372518435912e-01
6.432793943263631631e-02
3.623380551227096125e-01
4.744222619092384741e-01
5.104647715213971315e-01
3.326630640081775225e-01
-6.666359620360172433e-02
6.036220672744915250e-01
7.594254812488462902e-02
3.673683511266519486e-01
3.916101631790866455e-01
8.206173202569001790e-02
5.670765258035800338e-01
3.876766563304624991e-01
3.800462103730727903e-01
2.221455688952906904e-01
-7.017630219533188551e-02
5.153943448275922767e-01
4.808089731328393790e-01
5.561135205370434376e-01
1.777479780657263697e-01
4.515171945881455984e-01
3.991494900552039482e-01
5.181947073412586091e-01
5.045662470530749566e-01
5.975180019796443309e-01
1.310163925476178770e-01
-2.915557193564837293e-02
8.309756887877997600e-02
3.739781162630179123e-01
5.728075518140374189e-01
3.575139670890161159e-01
4.020274941369483129e-02
3.684798428286233385e-01
4.078628513916927045e-01
5.036407170200936090e-01
3.176888799809836628e-01
5.300808374337685480e-01
3.663877735030102722e-01
3.657448189007834194e-01
-2.297140710104923489e+00
4.593467975528404135e-01
2.639528749952435027e-01
4.939494853828028109e-01
5.287851263073078956e-01
3.992532634011955461e-01
5.581963482388282438e-01
5.158521744679032128e-01
5.436738260290223668e-01
4.095899902463544517e-01
5.096366359187338713e-01
5.984621635462358813e-02
5.134065403785394999e-01
2.981415166172702857e-01
2.669743825570561335e-01
8.845089033158710923e-02
4.861733974487433829e-01
5.338103065066728270e-01
3.861250018732632072e-01
1.831032937523095205e-01
-9.858715818383231855e-02
5.811542193584828819e-01
6.138132647533430797e-01
4.891537266302317666e-01
2.666739264573927959e-01
2.792522467285561347e-02
3.624413017410264143e-02
-1.162982581870133578e-02
-1.146920027142908638e-01
-1.460437949422139225e-01
3.048809011941869818e-01
2.776643414329029724e-01
5.946752380888850054e-01
6.045105329522979520e-01
2.779161948063746945e-01
5.186338724723066340e-01
2.725834685690350367e-01
4.686046625545381983e-01
5.076415466720268777e-01
6.315515632100663357e-01
-2.104573764679208647e+00
4.937094863365025788e-01
3.526578762206756257e-01
-3.557793552658330971e-02
5.240869799663702144e-01
3.961686796886564887e-01
3.871628466302325933e-01
4.134123090396437661e-01
3.617754041783390329e-01
4.861796419226228627e-01
7.483379912386478594e-01
2.717471800111181945e-01
4.983254138910530595e-01
4.942926051507816054e-01
4.801966292772012479e-01
3.304233815211577996e-01
1.924593152928893158e-01
7.884682445927408689e-02
4.759951656490997718e-01
3.311213171367402563e-01
6.850504681093333437e-01
5.312687447162178778e-01
3.228883241059011810e-01
4.210205656088855664e-01
5.389200874370866368e-01
-6.500214936620362094e-01
-5.479839677475667692e+00
6.084164526338194934e-01
3.667123684960966745e-01
2.899077525011142797e-01
2.999932319682690474e-01
2.914752211729034204e-01
4.134518473260605509e-01
7.353226214719277287e-01
5.685434099812395337e-01
2.403941633437475522e-01
-3.774274257484838135e-01
3.001873872574936652e-01
3.333008302455075511e-01
2.817304388660329395e-01
3.603012569297255330e-01
2.434701395313743633e-01
5.245508596332384421e-01
3.979928667346916416e-01
-1.053031410650579369e+00
4.975778642321847522e-01
3.397949886351586124e-01
2.879492261135966902e-01
3.077233663762813931e-01
7.027218313471278455e-01
4.041553746827699078e-01
8.113730689224796233e-01
-7.735611243531291814e-01
3.663675714409141970e-01
-1.097554329454506344e-01
2.259374268211573333e-01
3.060262426597614716e-01
8.000655429592639090e-01
-1.789591209554936002e-01
-9.571123860976167297e-01
4.302232394774530566e-01
-6.681240630373931344e-01
1.729136169117287958e-01
-2.884977087738574975e-01
-7.983174313929673749e-02
1.591779000778014430e-01
1.386361252892429063e-01
2.009266762785661131e-01
4.054544009332039511e-02
2.329114994705165642e-01
2.981229349453877742e-01
2.310325165770135969e-01
6.463983401295408937e-01
8.038966203707976765e-01
-2.754028964015154402e-01
-4.738551072913203543e-01
2.629534660074723251e-01
-4.334627244366358600e-01
-1.935603026166343998e-01
8.264086876343375299e-02
1.396845864026269868e-01
-1.087025915580207419e-01
2.115771957768262934e-01
-5.929631510747808941e-03
4.840225149078112438e-02
6.218372316107501074e-01
2.645385809945726141e-01
7.517396172115795583e-01
4.124311783560435374e-01
-4.780699264277979976e-01
1.216031903158864835e-01
-2.996456197023759094e-01
-1.787901039793938773e-01
2.113326204060493596e-02
5.627572792922217598e-02
4.033685513491494512e-01
6.606485937808024289e-01
5.534537001156706326e-01
7.083393263974440135e-01
2.305178053658520076e-01
7.391426021639564414e-01
3.635781698771446968e-01
7.575394200724664406e-01
4.554926119780375871e-01
-1.018937144204073442e-01
-4.591107984674052678e-01
-4.908402579583980296e-01
-7.906686465388259588e-01
-6.454388893774225533e-01
1.228717456209779818e-01
-5.060840859062101238e-01
-6.054031163489662637e-01
-9.735110002578799271e-02
2.154387265017627950e-01
2.976426739503956753e-01
2.419120981270039272e-01
-7.141337478546531115e-01
-7.445388946141443531e-01
-5.534565131026638607e-01
1.809653614189272730e-01
1.480097602280659452e-01
2.553113971583720887e-01
3.993963980352493448e-01
2.265979973822185856e-01
5.461424674083917852e-01
1.806585750529250967e-01
7.067305072226945928e-01
3.164393340666759591e-01
5.858369808149557212e-01
7.570816532757310702e-01
-3.765024748596488280e-01
-5.089746175660461169e-01
-5.099693167835337437e-01
-7.220214793306305168e-02
2.948933902221313463e-01
1.766210184535289274e-01
1.575965451453108235e-01
6.326735140187071949e-01
7.061246150572590974e-01
2.197234924614791807e-01
4.363628699567814184e-01
3.682153883242388903e-01
-8.425828667670154815e+00
-4.085187383115699844e-01
-1.792190288289049194e-01
9.639618545952630124e-02
2.198394347392996773e-01
3.103636437116155111e-01
2.403192344905795974e-01
3.531383286830848678e-01
9.925193898326716002e-02
3.830815388775695163e-01
1.791581924188105079e-01
3.738348688142283938e-01
7.702879128744781756e-01
6.647142770468268402e-01
7.905147387141856496e-01
-6.307683396611957205e-01
1.063486991476621929e-01
1.029370007053435621e-01
1.298907663136878166e-01
4.484189734011075346e-01
9.020050580153123054e-02
6.299400887931180248e-01
1.528666462075432275e-01
1.917626202196131557e-01
7.635710297192642715e-01
5.493297590734590452e-01
-5.546422169300958549e-01
-1.086380318930307398e+00
1.233394619947067450e-01
-5.218663636884565138e-01
5.773684411457134791e-02
-1.862185073682143810e-01
-2.519268388326575177e-03
1.174359837472094686e-01
4.306450328333919497e-01
7.977737627186638480e-01
8.875954757630373226e-01
-5.724935879347329282e-01
-1.390007790958588084e-02
-9.016625255727965527e-02
1.397409590470481688e-01
2.813915167816494756e-01
-3.327044069376513397e-02
3.626816236005100391e-01
-1.158594085518422842e-02
3.904430423118589455e-01
-3.541147180655578042e-02
-4.168286452573459477e-02
1.426509754855121714e-01
1.584778317874132592e-01
-5.589101057411869355e-01
-2.498253593338595757e-01
-1.584243102685792826e-01
-4.737148197960976831e-02
8.289844552337827244e-02
6.906938381844626162e-01
1.294588094452000238e-01
7.358313138327333691e-01
1.405199639500370745e-01
8.068213855130470513e-01
4.459764408260404878e-01
8.938739671749862392e-01
9.113792153308862831e-01
3.004765662677277294e-01
1.186423083966920144e-01
-1.554916216536237315e-02
1.382937793083746925e-01
-1.247574027598140345e-01
2.834683456154301617e-01
-1.054079143875357172e-01
-9.224979067814884082e-02
3.406570900426023618e-01
-5.053849241087789851e-02
-6.233263633633634448e-03
3.651715660525963192e-01
-1.235132928137886027e-01
-9.568149281305442233e-02
4.109031958155140440e-01
-1.272020539342599010e-01
1.016331649722221342e-01
4.712408261993569214e-01
7.563203592392445107e-02
5.888566814094826629e-01
1.199627293002561573e-01
1.245576257508352186e-01
6.484043896723064027e-01
1.311432732708283089e-01
7.381165312804368606e-01
2.123513032610787055e-01
6.794685400563305055e-01
-7.059733098912443161e+00
4.396809596753761817e-01
-3.329252697821061258e-01
-9.794595430215019549e-01
-1.465976942731873622e+00
-9.837478154241243722e-01
1.233599737956222603e-01
2.121645220065299098e-02
1.143661334429624254e-01
1.775478062986156347e-01
1.382034440654513474e-01
1.918019318642176230e-01
1.471224948512745712e-01
2.724932321816730396e-01
2.473431977783059621e-01
2.677455086209585833e-01
4.264612544392070576e-02
1.684203167431999881e-01
1.897622147226828704e-01
1.725974006185497234e-01
-5.136844086578872676e-02
1.880410420558459861e-01
9.267614167630933153e-02
-2.895707586711198864e-02
2.149779252934299056e-01
1.096603699767317031e-01
1.144841072374774282e-01
4.132462774937230576e-01
8.669054830893926367e-01
8.608706855379801848e-01
8.959604830822018862e-01
-2.943214004399822836e-01
-4.764522091162549100e-01
8.090287794160787305e-02
5.989769520318056345e-02
1.497831193614732881e-01
1.045809902238520744e-01
2.490897430834221327e-01
1.801997123545392709e-01
1.972720225923345616e-01
1.622300021008045989e-01
9.649489019095222608e-02
2.009984814000284059e-01
2.099672184596329261e-01
1.378108210639345799e-01
2.421248896419985475e-01
1.811230457709354369e-01
5.191677766517951431e-01
-1.821694811631963395e-01
1.277181578467855017e-01
1.222774610411987012e-01
2.304863251865559848e-01
2.267161936964679769e-01
1.411163365896529465e-01
1.101114581431533179e-01
-3.978779309211170623e-01
-1.236065889227295544e+00
1.788428695066856811e-01
2.545339691273503235e-01
1.811589223407437665e-01
6.960939377670945227e-02
-8.746954812481504415e-01
-1.433850990081230459e-01
-5.006416618806145413e-01
1.939198456892791619e-02
1.156462983565366281e-01
-9.181302022087228440e-03
5.396766305339560921e-01
2.502476699402291227e-01
-3.202308651016085028e-02
2.299364142351978113e-01
1.647920550552490482e-01
-2.932323903738965482e-02
-1.736479343276935983e-01
5.539451525413352506e-01
-1.939889764249239090e-01
-1.336937789217485184e+00
-1.484169988903675241e+00
-4.237602983224338787e-02
-1.059979773819204496e+00
4.247078237445029575e-02
-1.918079437663489650e-01
-3.365241556634079312e-01
-4.267980423020121261e-01
-5.898057427353885496e-01
-6.057882525705048093e-02
-9.842599598879346878e-01
-2.038921231845270965e-01
-1.370463200793748948e-01
-1.116817398721280108e-01
-1.045657731529067158e+00
-3.791709591996028084e-01
-4.708124959592934755e-01
-5.130615351645401168e-01
-5.339238343299610445e-01
-3.973039554692984754e-01
-8.625899946217668868e-01
-2.615836512539355119e-01
-6.606769164714482168e-01
-6.996245167605489312e-01
5.481827689959885008e-01
3.600658169644425088e-01
-1.262177484307659969e-01
-7.783723848047265914e-01
-7.172063979278746615e-01
-4.023040202284631772e-01
-9.297279856842143309e-01
-8.495020947885117968e-01
-8.785726003387670513e-01
5.170634311517454673e-01
-2.986245537618741064e-02
-2.839743286434926461e-01
-8.404183123418903500e-01
-1.026093003950633076e+00
-3.012883243808387457e-01
-1.149923777151334869e+00
4.690141298335039344e-01
1.782222123220946475e-01
-1.137076509920433631e+00
-5.277612677592810053e-01
1.412872571791885801e-01
-5.877989624759026865e-01
-1.218378334613199998e+00
-1.064234221474757769e+00
-5.087534002296466573e-01
3.569140527415343711e-01
-1.523009651295028077e-01
-9.821681391239691639e-01
3.104792721240519637e-01
-1.759700900817752212e-01
-5.506360599842573533e-01
4.112473306182770627e-01
-1.324899871020042974e-01
-1.427985824404341964e+00
-1.179256971410587607e+00
-1.012885636927171262e+00
5.782176817677191910e-02
-1.047382181893445896e-01
-4.271672656113907895e-01
-1.288715997879329445e+00
-5.620183333705475182e-02
3.190858255433626223e-01
4.502530849633232801e-01
-2.934289874978011636e-01
-3.860234704205001144e-02
-3.017303321081537537e-01
-2.563861322934129494e-01
-6.886248583110215371e+00
-1.761003107505380860e-01
-5.746364000009391848e-01
2.691225846092588081e-01
1.294546904325784564e-01
3.191519407153522447e-01
3.004214313989957419e-01
3.877393322330840442e-01
-1.098436259473170168e-01
-1.000199907607085686e-01
-1.024523611134250528e-01
-3.962078469618723342e-01
4.453054760655281163e-01
-3.619157892209007854e-01
-5.741526469056027482e-01
2.054752558371685800e-01
4.517897026322024723e-01
-9.530658815181518306e-02
1.155954621558172718e-01
2.271928745128082017e-01
-3.991296940008342009e-01
3.575708951506898492e-01
4.653540164599531126e-01
4.066691122382073420e-01
2.382334551153751090e-01
1.306988814236260121e-01
3.410073940682861043e-02
-5.844403403413365311e-02
-2.338741521634398468e-01
-3.821526227833905165e-01
1.923877690306607380e-01
2.098095368236344294e-01
4.809581353640672297e-01
3.693978892685039761e-01
1.527035823213419297e-01
-5.560155926432960166e-02
1.451842212948813160e-01
7.757406665737860696e-02
3.419380069349161038e-03
