2.947633387274790906e-02
2.471546813119252298e-03
8.953690059649268423e-03
2.474181388009556552e-03
3.056844424782640453e-03
7.032833234206266847e-03
4.923750633725013396e-04
2.170212729784455879e-04
1.383322198638815143e-02
3.810271822733587912e-03
8.831775653814430155e-04
1.790526886876536716e-02
7.472628759017652372e-04
1.263271718579663493e-03
1.554600653094438938e-03
1.385322565079569754e-03
1.207590962211977682e-02
7.380089490312023888e-03
3.929758971679758565e-03
1.075606951733513311e-02
5.074761755262885768e-04
3.074833431232877872e-03
2.589735309637586531e-03
6.109920460604355286e-02
1.427598918465910940e-03
1.196699467862213928e-02
2.811665838510040132e-03
3.428329324644367737e-03
5.201381420144830098e-02
3.407389522352889666e-02
2.914440822999016245e-02
7.160328001692478281e-03
5.273822832773347041e-02
1.353234450837040130e-02
4.639916656716319351e-03
2.728053729761228258e-03
1.064777908883319038e-02
3.330807532379259465e-03
2.684430749193174662e-02
5.551880767724106866e-03
5.672952555547596844e-03
6.234517120004556129e-02
1.256712827655353214e-03
3.516782189067902374e-03
1.931920847463861057e-02
2.332720774702179509e-03
5.988976470949743114e-02
5.556423601819917256e-03
1.558884522693967500e-03
1.742589875835812707e-01
1.453994002332418666e-03
7.803594267124181133e-04
6.160153253514636176e-03
4.918316282949434549e-03
2.806881456710208066e-03
2.904422808613875695e-01
7.442472931461623651e-04
2.688900346615796105e-02
8.211278089903255653e-03
1.383411798801663893e-02
2.517916936330835166e-03
8.145668562696449511e-02
6.816819664011719744e-03
1.459009072529526829e-01
1.146351149205903225e-01
5.305647159997221168e-02
1.287780598606886873e-01
4.567939354186741768e-02
1.431009828002574764e-02
1.048385661570031546e-01
4.471235907324924881e-03
1.009733996621161728e-01
2.672148695008046415e-01
3.990436555943566014e-04
1.076706267314997759e-02
1.355216943190803991e-02
8.000892024677625294e-03
1.230717525386201966e-01
1.026178563374292342e-02
3.445646648945911439e-01
8.412100890765300543e-02
6.864605703359701397e-03
2.143814833412583873e-02
1.606481746454289580e-02
1.134414548639567366e-02
8.244570971656015740e-03
2.757917489830546162e-04
2.453547058722234733e-02
2.784652847562161387e-03
3.880448237896342266e-03
6.580828588134152862e-03
1.713494781237128936e-02
1.848981520757305708e-01
8.979617122171124066e-02
1.614265627396607172e-01
4.291859561435881071e-02
4.581664272926864317e-03
1.042681167308544352e-03
4.081119564921186459e-04
5.142961541523541000e-04
4.897401504041784537e-02
1.368570236383074516e-03
1.111437175010848016e-02
6.550639388499081457e-03
7.824733380079322564e-03
3.756889597105741996e-02
4.642358905008636683e-03
5.331416259491218723e-03
8.004619051000642221e-03
3.975118771739662160e-02
2.137697671344050976e-01
5.455334741722729364e-01
6.993291806819846856e-01
7.185519148216747490e-03
5.948455584095887171e-03
1.454661122449094762e-02
4.578392012230950853e-02
1.717893202906692340e-02
1.922360381104364774e-02
1.629875693603953166e-02
1.369802577300542612e-01
2.636810162084617382e-01
4.051508449788371151e-03
2.106395422693515748e-02
9.268242903577725983e-03
1.277436080457267434e-02
5.529548382012281632e-02
1.745379931392747894e-03
6.277192397524761387e-03
5.679804168051025455e-03
1.132209978492562316e-02
5.314614386602701732e-03
9.349460329144399645e-03
7.246044304637486340e-03
5.363150082603662314e-03
1.569691036858319576e-03
3.437291978441523854e-03
2.322730896527221232e-03
3.334432953001616445e-03
1.416289650316569955e-03
1.279184285829083195e-02
3.320367559653036871e-03
8.328847498698605314e-04
3.434714078280990800e-03
7.522148435441395817e-03
6.722558741458335707e-03
3.203649519687064018e-01
7.040608318551301592e-02
1.884720953242793873e-02
1.138508274943575817e-03
1.409982205210686713e-02
1.137145309098459844e-02
1.588371836263346992e-02
4.143559514140066763e-02
2.466448929978139193e-03
4.384247212302999804e-03
2.205927311428532156e-03
8.367598613752724387e-03
7.393930447616421306e-03
5.876050640464065833e-02
1.444924556239441651e-03
2.278455267456245496e-03
3.551114044985224233e-02
6.424779457651140328e-03
1.960063078620202098e-02
7.845838017721363383e-03
7.975258436688120386e-03
2.665320990470425398e-03
4.719167755712336590e-04
2.575298157174886748e-01
8.968682711397113483e-01
1.704329882076476704e-02
7.786145331576926898e-01
1.074758147924725210e-02
5.172539194202028026e-03
1.862503058697190066e-03
4.712227353942671088e-02
8.205962971238137680e-04
2.726312976136667423e-03
1.016942182757081536e-02
1.398778028602835032e-02
4.660835272269632235e-01
7.164857667361468341e-03
2.011547813316328925e-01
4.503721438375297287e-02
6.150700152575469884e-03
1.041642452108323957e-02
1.902066790900453289e-02
1.007051707522315515e-02
2.539320555398381224e-03
3.430487374944858007e-03
5.301208908623074312e-03
3.952941019601781750e-03
2.239427708577577253e-02
1.333097295054416417e-02
8.560222396785809214e-04
4.515329268283088671e-03
4.653458687872442240e-02
1.540434820189665738e-02
8.887826564847420285e-03
6.732447761101756183e-03
1.029777465476334510e-03
3.522861679130767209e-03
2.888051444620017114e-04
4.266407523636403173e-03
7.880665835048303314e-03
3.792870529184572299e-04
1.013922257323130079e-02
1.132645270817025235e-02
1.250627728275653938e-01
5.733883088816853907e-02
3.423019326332141232e-02
5.322926530899396019e-02
1.492200782240526991e-01
9.388858120276989683e-03
3.888599913294932958e-02
5.487419230366997330e-02
9.234634570994841932e-03
1.414535583291674043e-03
1.557753244403312087e-02
1.078030427037892161e-02
5.728857528322916191e-03
4.634117050598450527e-02
2.947906221288815187e-02
1.738180641645021771e-02
2.687593257489996265e-02
4.677442316211850859e-02
2.514459825443092836e-02
1.432967861709704208e-02
4.886094408029314010e-03
8.573768632848356025e-03
1.125094210210070798e-03
8.411597129357927189e-04
2.976595065697761316e-03
1.510676914075641808e-01
5.010537335447901898e-03
6.475461532446671331e-01
7.206109246110896649e-01
7.063667122598995540e-01
1.235690239151359185e-02
2.218778273194830231e-01
1.335357275733301263e-01
1.624252942290504292e-02
1.078451008994077004e-01
1.655732187156489302e-02
1.695180137532386055e-01
1.331970191964745864e-01
2.522569264220633420e-02
5.565016885829559418e-02
5.654586053778845600e-02
2.848553884793415120e-02
4.308304604934104498e-02
5.648149763634826431e-02
5.284199236427940261e-02
3.135647789259604634e-02
3.027329665112049248e-02
3.333998591365192748e-02
2.002700604193181910e-02
6.496259795620699419e-03
9.597259569043257305e-03
3.284353296641236587e-03
4.582403396371599255e-03
2.889368884935071199e-03
4.281071339822310057e-03
1.591205303730167803e-02
1.886459215891873225e-03
9.102587688195500071e-02
2.640576084512982410e-02
1.134774137768873419e-02
1.840655496395986884e-02
3.934115360604893696e-02
1.104164414023681290e-01
6.727194796915632324e-02
6.422444061161088069e-02
5.110096433584206121e-02
1.106217767323590950e-01
1.046023324693966666e-01
4.377330774198548435e-02
9.286745354620792869e-02
6.335594830640274566e-02
9.814955798863963035e-03
6.921442937160978900e-03
8.323016317118469426e-03
8.734744112688953843e-02
1.772149072127752190e-01
6.674255769859614718e-02
3.036591291581000954e-02
5.068768020053737722e-02
3.902149963550899381e-02
9.449674587032368400e-01
1.338677244790757725e-02
3.605684541595299830e-02
4.163486597476179912e-02
8.277673827808040841e-02
4.300889302852942131e-02
1.063802740600161036e-02
2.620397209020756436e-03
1.264298748797620074e-02
6.740900465599712621e-03
5.021315302304114186e-02
3.343495193142940482e-04
2.226977637855351855e-01
6.566457372397395409e-02
1.435567480516908474e-02
2.642827621441173197e-02
8.441631893265150177e-02
4.317213792442078230e-02
2.283740319015394537e-04
2.602354829594400593e-02
3.342881690097861958e-01
1.985247779025304249e-01
4.461413293792346364e-03
6.092683667596723307e-01
5.353943278726990170e-03
2.834004531660213114e-02
2.771511901580484688e-02
4.653383737100912944e-03
7.499412846671792143e-02
2.105610867989171804e-03
5.128365433738624884e-02
5.030489677411927041e-02
1.899412978998926043e-03
1.711481533531412132e-03
6.378794884954143429e-02
9.942926241605748797e-03
3.387014553561872379e-03
1.842097090760528091e-02
8.981788180171004776e-02
8.304208314120084533e-03
2.913394003286753353e-01
2.476216570895609093e-02
3.947773916005877827e-03
1.032013360054911538e-01
1.646348247403691886e-04
2.666021727033563993e-01
7.670078668854521560e-03
1.454674426645528569e-03
1.194089288084871671e-03
1.146184587521005549e-02
9.332498016624949516e-03
1.433602729354659100e-01
1.631619653754712426e-03
1.961940993731155431e-04
1.354205005253653060e-01
7.957870616099451538e-03
9.664086063464220541e-03
4.629456391320087121e-03
3.295351559907284261e-02
1.913396167955773094e-02
2.781893594097704751e-04
1.786521409742394262e-01
8.409663958220568378e-03
4.611864524709280433e-02
2.323511832260541921e-01
3.513116244274127470e-02
3.595720604624264884e-03
3.720084705867349618e-03
6.855748764191443856e-02
2.579252813156162061e-01
6.833397707476200622e-03
4.626768897520595197e-02
2.620103070015300517e-01
9.307390662424193384e-02
1.212994291816843267e-03
2.419095554574787199e-01
1.760638785067009451e-02
2.366269656571176171e-03
5.734634740926307893e-03
3.973853352646852972e-03
1.830114290250367450e-03
9.525336010198221307e-03
4.111008836268362915e-02
4.020734435783623363e-03
2.556611770877367448e-03
1.952021059190202079e-01
2.246454439249135904e-01
8.445581414480915483e-03
1.032890095416967441e-01
1.637640604918357348e-02
1.697657913993346618e-02
2.287465195172157760e-03
1.781099437469831070e-02
7.361392928653438805e-02
1.890535316326774629e-01
7.112896336504059835e-02
2.108740411113733115e-01
1.536979153850853985e-01
2.363434149090393177e-01
1.199592579037982859e-02
1.388146942962864908e-02
9.501490488040637006e-03
3.400279071909798750e-02
2.510910805741559670e-01
3.758779314567671677e-03
1.695073360160988252e-02
2.724540881459693864e-01
2.272491106310086106e-01
8.086405669041969030e-03
2.163612330531329217e-02
1.085237980414557740e-01
9.634714181862769067e-02
9.978015060154707405e-02
8.437942452664948245e-02
2.351943770336347717e-01
5.759207569603520122e-02
3.626272419245409884e-01
1.480362678363190965e-01
2.071744514084402633e-01
4.554079844085743289e-01
2.682279307743047347e-01
4.888389062440038485e-02
4.263563610420575273e-02
1.164567070599074744e-01
5.858897100228040861e-02
3.920961570823171954e-02
7.230054257425307281e-03
5.135101369629251067e-02
7.105424771931044201e-03
5.626538861825613851e-03
2.605388741297138080e-04
2.907742040907403958e-01
1.009240857482472491e-02
3.260842735425694642e-03
7.967932945480039886e-02
7.644217938237721915e-03
3.372300828409347147e-03
4.366316530903913140e-03
1.023065284405500050e-04
5.302331856285853826e-04
3.814381117520718786e-03
2.770833452693953936e-04
3.131412971714706180e-03
1.612591751836620979e-03
1.639940210197308448e-03
5.245497311754013237e-03
2.821175483196795535e-05
4.757638302878679508e-05
5.317767746593357820e-04
4.187283011576514030e-03
2.544349861284402308e-03
1.957123472809068222e-03
1.286903335733828374e-03
8.591280807973831687e-03
3.301269698737562940e-03
2.681460227989005481e-05
3.189289332954362011e-02
1.089313556997091037e-01
2.587615352425292649e-03
1.451927705549963497e-03
4.373909032318021891e-04
3.516393029229357577e-04
1.729932595925313607e-02
3.379150225819246151e-03
1.771327661829050822e-03
1.076851130182555905e-03
7.252598260004177422e-06
7.349753229728828293e-04
9.771867503933545553e-04
2.951469447978768523e-04
2.469307516869176378e-02
3.831687773643111233e-03
2.475891671333860060e-03
2.015292186467725500e-03
1.513772362263751691e-04
6.444199557457704465e-05
3.098427254154775302e-03
3.362676659323939835e-04
1.773737753014599863e-02
7.004142320460013220e-03
8.810530644936944789e-04
1.216557310836906399e-03
2.339010817616524272e-03
6.165614414499606330e-05
1.294916109282163086e-03
6.293625505381292545e-04
2.466034817673941684e-02
2.015116965960675119e-03
2.959593495336027783e-03
7.673804303478977813e-06
9.801182616489544119e-05
4.634465705993731297e-03
4.075698073988804878e-04
8.559540983832669009e-03
2.176995095986251970e-04
1.520830150069273827e-04
1.063750365347443036e-02
1.816044577022129678e-04
2.118612636794387806e-03
1.842639632531328092e-02
5.949759248095361740e-03
9.993309425291601114e-03
9.727341284531029406e-03
1.154925770088365044e-03
2.802161581312112657e-03
2.386588366619949521e-05
1.779880420699550135e-04
6.639686830902388238e-03
2.733758248594096349e-05
7.419767050180482671e-04
2.600693251536230813e-04
5.373817488360677769e-04
1.543499529395849033e-03
3.473121309462685966e-03
3.253222700144287223e-03
5.480656144752545436e-03
3.054103207753418488e-03
2.265988851076831002e-03
1.290238354920011541e-03
1.286629924792042278e-03
1.576765629228509783e-05
3.423584797289586697e-03
1.090300647858860519e-03
1.496541577691769091e-03
9.346415261300679506e-04
1.501619934763407998e-03
4.508797830201828442e-03
4.167451444086108132e-03
3.172068521315667827e-03
2.685748959051268911e-03
2.921804662931663191e-03
1.345114994201194580e-03
1.432730957558039269e-03
1.620640890793646760e-03
1.601817127985191410e-03
2.083022957388762852e-04
4.703653562076803634e-05
1.112292362713231326e-04
4.889702002483335697e-04
2.146051475476898958e-04
1.598397112316915850e-02
1.012611670952636616e-03
4.190183963486203249e-03
1.495225245733784215e-03
4.982867370964742630e-04
1.052686636000289833e-02
8.495000005647219618e-03
1.135718149068150393e-05
7.685922049500079159e-06
2.050374313226227958e-05
1.133051247725727108e-02
1.020871619481326063e-02
1.241541604658154968e-02
5.928864358395281170e-03
1.087679864449655164e-02
5.753696286551531619e-03
1.077364192892554980e-02
2.136568266241514226e-03
1.582266396838165117e-03
1.059363634580453521e-03
2.312951794311939729e-03
4.300030376639761006e-05
3.495461070970647273e-04
1.488111076463463202e-05
9.845975485789140984e-04
1.695176235441014402e-03
2.054231478924833931e-02
1.115051863775188418e-02
4.892496827754220720e-03
4.418263785682690313e-03
3.244606040699080530e-03
1.358852555681930177e-03
9.598715651722861944e-04
1.368970772952959186e-03
8.802871221750387728e-05
2.502380606464944465e-03
2.436724039333477802e-03
3.050842741091576785e-03
2.858739858055307586e-04
4.609963382081590233e-03
2.542056174683052423e-04
1.275379702379483490e-02
1.276835436081143020e-03
1.019685280875764870e-02
1.625112696427615400e-03
1.940927208684930724e-03
1.118687625591103163e-03
1.990271218856261293e-03
3.910879518867861680e-04
1.804798726752760915e-02
3.459121865410116729e-03
5.812378078078181930e-03
7.616618633938004000e-03
1.667416702672163201e-02
6.486933145667565098e-03
1.499043132233921979e-02
5.931710110027463463e-03
4.408517496821078019e-03
1.736524405724641307e-03
6.078522458526367314e-04
1.597942872168532690e-03
7.653607341612854095e-03
9.361882832281554628e-03
3.448034629918651089e-03
2.542935271112055622e-03
1.115853141287127641e-02
1.777473772441856559e-02
2.056245065216350931e-03
1.830234398727155270e-03
3.034152634609136971e-03
1.305718859952269099e-03
5.804427968989328036e-03
3.615528324200270593e-03
6.855389685850681730e-03
1.860118530488215219e-03
5.416656449579465397e-03
2.619328663983366856e-04
5.924643088718766111e-03
2.341275693829313368e-04
8.710049007399633947e-03
2.504394705054191830e-02
2.157999791363890418e-02
8.990834262701564994e-03
2.105654427643385875e-05
4.506933857349892762e-03
8.058264119163585995e-03
1.708388016415873789e-02
2.764821694111359307e-02
6.446674557788057390e-03
2.646882929654770927e-02
7.342695976595588897e-03
7.867182057181610483e-03
7.513716918512018325e-03
2.919749737406497972e-03
2.772303688016183789e-03
3.367393524374199653e-03
2.035798728688144668e-03
2.776408984639765296e-03
3.429884282886161342e-03
1.201851812639997442e-02
4.165565826400151848e-03
1.657288615223387459e-03
4.664724785838226390e-03
3.729071732960068108e-03
3.221404330334550706e-04
3.652563544819475722e-03
2.312289119214328871e-03
2.621739547557259075e-04
5.588342383313894997e-03
3.451624450389247523e-03
1.007795491227799888e-03
5.141841742482605206e-03
3.865004918802066557e-03
4.105573743873519588e-03
8.048809722315133572e-03
4.493005950812872448e-03
3.259155278984313814e-02
2.352772333209538977e-02
3.564501652609020944e-03
1.247099401931319601e-02
4.387615235430583974e-03
3.517986958498838749e-03
3.881420524844299974e-03
9.393712218406532035e-05
9.412671718307384985e-03
1.100196111092980635e-03
1.167005244469671325e-03
2.424589809731569987e-03
8.705612049973932703e-03
7.584557562105444239e-03
1.710475017137103732e-02
2.146169352445987180e-03
3.803413656074223440e-04
2.458677940841653975e-03
4.034643682109745940e-04
3.049415204224229740e-03
3.105551708104893529e-03
5.625754120545795305e-04
3.201046094122101098e-03
1.264072365350290151e-03
1.607370132286270589e-03
3.827079694791539130e-03
2.450717394778278470e-03
2.257043969310504935e-03
2.297020318219860063e-03
1.438554809376334925e-02
1.121369105687317763e-02
1.991675158609732162e-03
5.026946613066914961e-03
2.758790063408983039e-03
2.818806788174243842e-03
7.347802778878169926e-03
5.116648676303355014e-03
5.509791282189356945e-03
2.901486504209763902e-05
2.023080269616166297e-05
5.064734314244227417e-03
1.727860644279980221e-02
2.359257830744497953e-03
2.585048882310241308e-03
7.748140493251117833e-04
2.504470905533377409e-03
3.539215991968440184e-03
1.943669413354935649e-03
6.400017552439903534e-04
3.290929885976395710e-03
2.047856436933117967e-03
7.733860557478630703e-04
1.203967201834455630e-03
1.597338926635794368e-03
1.954812298547413570e-03
2.597555561317115057e-04
4.768470783478691126e-03
6.644091816336403396e-03
1.354971427027250319e-03
9.940854958158055338e-04
6.443560501036140831e-04
4.088905891981193001e-04
1.285270521527479004e-02
7.186141937692414224e-03
1.838596102417865922e-03
7.693795514165823650e-04
5.201629417166251561e-04
5.991462190981371476e-04
2.077577803369888226e-05
8.776077560235833928e-05
2.480869399889261157e-05
2.947799044321190373e-02
3.272825087701131553e-03
6.457513178484006189e-02
3.687949666021909543e-04
1.090446764289908048e-02
6.341751617888789251e-03
7.471991564752038196e-04
3.812947652989680898e-04
1.636204963135246731e-03
7.253767371938411868e-02
4.561435889736150501e-04
1.211098668544751365e-02
2.418201104779409139e-03
3.507286219504105081e-03
2.767851394004783999e-02
1.874051898395218477e-02
7.038399924419764132e-04
1.639804079732552506e-03
4.005845234835360723e-05
2.531762493627917306e-05
1.273701192879333338e-02
5.851737514561955629e-03
3.339877720466214025e-05
7.124883566794994877e-03
1.836968816099343593e-02
1.847736358464892748e-03
5.592207144406002970e-05
3.372555762022918374e-02
2.283152672686141263e-03
8.359849465504748389e-02
2.362424616101200885e-04
3.171070974546465643e-05
1.036634312416076092e-01
4.992309783332628205e-05
7.390131094849659854e-02
1.899530597055750780e-01
1.014015556690666493e-03
1.571523724625280977e-02
5.360678983779120085e-05
2.504148664259804938e-02
2.513736826641663896e-03
4.213334876437407488e-05
2.562257615416818624e-02
1.639626463130106071e-02
1.002104983213401683e-02
1.563363142255838308e-03
4.857822732183712995e-04
3.649981085746357122e-03
1.693091241439790284e-01
1.991003928653666336e-02
4.640841106001350182e-05
1.472297986560873635e-02
2.352817877013537850e-03
2.311483244169539215e-03
4.745369380236117915e-03
3.165487473757334908e-05
2.858693912789024745e-03
1.752907545679580070e-02
4.791539324017728418e-01
9.732883304115433690e-03
3.689434927236394986e-05
1.378700936220861317e-02
1.307027101217217435e-04
4.490186428929007073e-03
6.539617636893760126e-03
1.340954723821006708e-03
1.349651591271306748e-05
1.194710870977800515e-02
4.170081385191847862e-05
6.485694421649165209e-01
1.170999994156539901e-02
6.893696675327860846e-03
8.272171191716136060e-03
3.076230155844238259e-05
2.732195294062642922e-03
9.757314849942677615e-02
1.003427053875821998e-02
3.770159330778104917e-03
8.566030608825127984e-03
7.540302001295897880e-03
5.101189506643609911e-05
1.022993381546148146e-04
1.222389351926500632e-04
3.525618503324826102e-05
2.507144161560981603e-04
2.496521093871683673e-03
5.283789970161272389e-04
2.308851474597547164e-05
2.718923124288515070e-03
1.869600823147191538e-04
3.727929482429894695e-03
1.567068099185464346e-05
1.954822909929965680e-04
6.535244966056906783e-05
4.183278722093862478e-03
4.805202354789582866e-03
1.831966658651599383e-02
2.694663792718219979e-03
9.318947878485917642e-04
4.355394572958519450e-03
2.476764900055322487e-05
6.895795246957972600e-05
5.256559210613185587e-04
9.325308441504157053e-03
6.510921748916845557e-05
1.257818558813562871e-04
1.221806300627886060e-03
2.620573601338073801e-04
1.368017304286459545e-03
1.725292219054124681e-03
1.981698216197748125e-03
3.334363064911487554e-03
7.591665932323746896e-03
1.068592072681330237e-04
1.963129559085161340e-04
2.043013144654153175e-04
2.669183957068908263e-05
2.085049913882381398e-04
4.498967230706247817e-05
1.932340468428159761e-04
1.403514603182606964e-03
2.660123549173720086e-04
