-3.960663760524656407e-01
-5.244863254872617064e-01
-4.644962640731579717e-01
-5.244413909375340577e-01
-5.153813533099602662e-01
-4.767021859187041688e-01
-5.854162697667502080e-01
-6.117694380444459457e-01
-4.412069130277461726e-01
-5.056335056401848327e-01
-5.648707760635437447e-01
-4.265234751065450913e-01
-5.709083715502774048e-01
-5.514737601748517237e-01
-5.434006073331594244e-01
-5.479143757898662370e-01
-4.486701489552438749e-01
-4.743047111573110985e-01
-5.042411660216551406e-01
-4.548898836496440001e-01
-5.843917703856534862e-01
-5.151259043167365492e-01
-5.225096097467039069e-01
-3.455804715139499939e-01
-5.467443748679829962e-01
-4.491615423420343700e-01
-5.189970862544183161e-01
-5.103473599715951936e-01
-3.574281645459458367e-01
-3.866366729567662364e-01
-3.967915885089590144e-01
-4.758106841087974548e-01
-3.564270870180101802e-01
-4.424270935348655898e-01
-4.966360765377637598e-01
-5.202917014931280892e-01
-4.554277595266447709e-01
-5.116221836716916549e-01
-4.020074697523058349e-01
-4.881969875911273959e-01
-4.871662209193274307e-01
-3.440638719838958748e-01
-5.516733118735204222e-01
-5.092174480129657566e-01
-4.220643084279060431e-01
-5.269140664478896285e-01
-3.470755448667428578e-01
-4.881579715405574560e-01
-5.432919758496602691e-01
-2.556712907637121446e-01
-5.460289311387137579e-01
-5.693554225347592368e-01
-4.831966912039615258e-01
-4.939216664364475817e-01
-5.190702745320976419e-01
-2.006876631169360881e-01
-5.710528189426090639e-01
-4.019027576504189958e-01
-4.689277585553529581e-01
-4.412033121056692098e-01
-5.237013554627925060e-01
-3.232794668886712075e-01
-4.782440083377339501e-01
-2.727699005649074082e-01
-2.946292373607189985e-01
-3.559906766061006200e-01
-2.842685443819954472e-01
-3.666795731962259053e-01
-4.393169469702568053e-01
-3.023666867371121447e-01
-4.983483728512737021e-01
-3.055661321584788315e-01
-2.103363399926752586e-01
-5.924359341981565441e-01
-4.548355319743833114e-01
-4.423460123440072778e-01
-4.702442048339691705e-01
-2.883443161647193387e-01
-4.573826057961420388e-01
-1.799208135233870409e-01
-3.206857796482741607e-01
-4.778994425017035197e-01
-4.158546792606653275e-01
-4.327797130777171208e-01
-4.520448235872670528e-01
-4.687220197907375208e-01
-6.043348971829130001e-01
-4.076176136746272327e-01
-5.194117137421710995e-01
-5.048113587389649881e-01
-4.799759164678669698e-01
-4.290749765247692249e-01
-2.497581547559516724e-01
-3.153602634645681912e-01
-2.631463922308825421e-01
-3.710286735475232800e-01
-4.972213701731138524e-01
-5.587374178656866475e-01
-5.916942987914973751e-01
-5.839377753030273732e-01
-3.617510745355521640e-01
-5.483865205389599762e-01
-4.531415884347756995e-01
-4.802012105347562843e-01
-4.713688845158278129e-01
-3.801245662890762600e-01
-4.966116737403765691e-01
-4.901235346496334300e-01
-4.702206338613615366e-01
-3.762980156550641553e-01
-2.348029838382281742e-01
-1.158077277427510682e-01
-7.419267537609063046e-02
-4.756361093769611581e-01
-4.848878898292515172e-01
-4.383987204445184971e-01
-3.665190058125610273e-01
-4.289267952634508996e-01
-4.223572935235341830e-01
-4.319529611178913320e-01
-2.786321388272871014e-01
-2.118503285685314208e-01
-5.028588742346478124e-01
-4.169139187482009956e-01
-4.627105001929502914e-01
-4.456030480181381592e-01
-3.529763729855387444e-01
-5.387946232760651988e-01
-4.822825367977003896e-01
-4.871084434697986465e-01
-4.521492520869674347e-01
-4.902730930053502134e-01
-4.622576130219208657e-01
-4.752187530376418279e-01
-4.898421419327617099e-01
-5.430190777587641238e-01
-5.102317498579367339e-01
-5.270934875706437817e-01
-5.115742275350119161e-01
-5.470544050196158858e-01
-4.455280709032334308e-01
-5.117605291285350910e-01
-5.670043655214176415e-01
-5.102649761838321529e-01
-4.733510482398386454e-01
-4.789296591759947264e-01
-1.889414772067250781e-01
-3.347763570384537646e-01
-4.235224180574510000e-01
-5.554331630424262922e-01
-4.401438392684311474e-01
-4.519157023208356661e-01
-4.334265166595842600e-01
-3.734562870311280980e-01
-5.245733897870603624e-01
-4.992528381963967643e-01
-5.292418086556279766e-01
-4.679677094149205518e-01
-4.742111234061278102e-01
-3.484926488018049717e-01
-5.462734899583315817e-01
-5.278967201371415063e-01
-3.838973650217034628e-01
-4.811499522050385891e-01
-4.212086658388036198e-01
-4.712330350118963951e-01
-4.704065689408971629e-01
-5.212854302257520223e-01
-5.868488401947937749e-01
-2.145169360885793575e-01
-2.493991786485920750e-02
-4.293847392939514895e-01
5.404980407698253136e-02
-4.549318811548755392e-01
-4.915539213811149222e-01
-5.361770476008757003e-01
-3.644880405279458668e-01
-5.675426281271500617e-01
-5.203190120872048796e-01
-4.578593991208982361e-01
-4.405885785866534010e-01
-1.393575681276940925e-01
-4.757792556662890360e-01
-2.411576499205855262e-01
-3.676724151252383499e-01
-4.832711607674182175e-01
-4.565922468651691934e-01
-4.229831496414508396e-01
-4.583739559151990273e-01
-5.233431834423837303e-01
-5.103194996396884786e-01
-4.903927048707497627e-01
-5.039751979448385821e-01
-4.132146101756672407e-01
-4.432562621035203709e-01
-5.660093113705492174e-01
-4.978955778094592000e-01
-3.653742297258129046e-01
-4.351682294072102275e-01
-4.648767735343693475e-01
-4.788573500287753859e-01
-5.592022261449649534e-01
-5.091406770377366886e-01
-6.028794216760606783e-01
-5.005025852801514574e-01
-4.710095156358636848e-01
-5.941041198673727708e-01
-4.580160704034993979e-01
-4.521286193694072919e-01
-2.869069841511579511e-01
-3.503068981830226858e-01
-3.863343796587231371e-01
-3.557545734416388550e-01
-2.706538143985424139e-01
-4.620390985642033876e-01
-3.777947409034159709e-01
-3.535362226660396234e-01
-4.628988735284845779e-01
-5.471026815003903199e-01
-4.345339365800971465e-01
-4.547701246672482545e-01
-4.866964952434083003e-01
-3.656678020425973563e-01
-3.960604421331748171e-01
-4.282473012346700303e-01
-4.019333651881966674e-01
-3.650115227468053725e-01
-4.060975897977373017e-01
-4.392404580235480527e-01
-4.942290957129127915e-01
-4.667241075590374266e-01
-5.558808843546950706e-01
-5.666457696576068237e-01
-5.165367394825890468e-01
-2.694903118486887683e-01
-4.930510762930121471e-01
-8.775680624145933140e-02
-6.871983477101925586e-02
7.237689944025064992e-02
-4.474190733087942129e-01
-2.308502727357912565e-01
-2.809688016800520050e-01
-4.321507809575019787e-01
-2.999375924526072601e-01
-4.310503973758993412e-01
-2.583868828160884035e-01
-2.812008964725182247e-01
-4.058974696530525672e-01
-3.525075913131375804e-01
-3.513339785835144502e-01
-3.982509403188093655e-01
-3.707635558735716264e-01
-3.514178309721890381e-01
-3.562845701469538051e-01
-3.920774796742960699e-01
-3.943514220639908752e-01
-3.880710335826514923e-01
-4.199311349183712516e-01
-4.806092362559101216e-01
-4.608957431939290084e-01
-5.122406268629761117e-01
-4.972139045314825090e-01
-5.178230488985290370e-01
-5.003454899929090649e-01
-4.333249211254745492e-01
-5.356591255725579037e-01
-3.142397138748333485e-01
-4.030423804232278751e-01
-4.520278060942767850e-01
-4.249107744445334567e-01
-3.770041111084559970e-01
-2.978992903038528151e-01
-3.382856248460673343e-01
-3.418198695395126552e-01
-3.587051950824158286e-01
-2.977380283373810554e-01
-3.025597122246823645e-01
-3.696593490594610731e-01
-3.125825516115316449e-01
-3.428505673696369271e-01
-4.597232059796149684e-01
-4.774922175354631704e-01
-4.682399789923498146e-01
-3.176262576866723530e-01
-2.540039871253647608e-01
-3.388906472470123998e-01
-3.941544732801394169e-01
-3.592892015154398599e-01
-3.775586082418888600e-01
-1.328363272614278660e-02
-4.430254752318953937e-01
-3.828803055430254898e-01
-3.731261532800747016e-01
-3.219865588732490624e-01
-3.708830025757390292e-01
-4.554764179305049732e-01
-5.220093841999579043e-01
-4.461692041159869282e-01
-4.787956138042899767e-01
-3.599643390778923813e-01
-5.982014759275742222e-01
-2.304559371088050757e-01
-3.401340783289559244e-01
-4.391390386010626812e-01
-4.029889121792493700e-01
-3.204021202172585014e-01
-3.706202588472186643e-01
-6.102057199416214273e-01
-4.039556768360929584e-01
-1.837036094596886382e-01
-2.425161419660721296e-01
-4.984497549103458769e-01
-9.804869956518962038e-02
-4.899236365793300241e-01
-3.985768373717713531e-01
-3.999920746999607868e-01
-4.965016490096323398e-01
-3.298477723289622854e-01
-5.311660289931152690e-01
-3.584482090871465854e-01
-3.598334236169103972e-01
-5.353814160046833637e-01
-5.395803390762687890e-01
-3.423365376453468278e-01
-4.590439817752239859e-01
-5.108836248998283036e-01
-4.248649285417889221e-01
-3.153403809202138253e-01
-4.683552064911511992e-01
-2.003248905488124176e-01
-4.070484010693865007e-01
-5.040343655823675828e-01
-3.037111144521035255e-01
-6.200770736638716585e-01
-2.105979144859205787e-01
-4.723738331243714783e-01
-5.460106364092043307e-01
-5.536252568385868766e-01
-4.514901098278839564e-01
-4.623519278957771150e-01
-2.744128559456356364e-01
-5.414856374947614182e-01
-6.148352898764868346e-01
-2.796849485896922283e-01
-4.705169520800596694e-01
-4.605334790083978613e-01
-4.967407177382083816e-01
-3.888364766294256092e-01
-4.226330846815385955e-01
-6.040622744164709790e-01
-2.532002463871183551e-01
-4.677119174552435421e-01
-3.660067449701994713e-01
-2.258839185857863252e-01
-3.846128959140294734e-01
-5.082292656384453933e-01
-5.067091438729671715e-01
-3.368314270875872318e-01
-2.143442756232446511e-01
-4.781242422736465270e-01
-3.657795855029543630e-01
-2.125706180945195756e-01
-3.123983044921907481e-01
-5.530268687386711290e-01
-2.214784869335442441e-01
-4.275026102641846237e-01
-5.263162864665443808e-01
-4.866481738357297249e-01
-5.037364013507750204e-01
-5.368864409256909331e-01
-4.612879867432319592e-01
-3.739982551915418396e-01
-5.032049123206591146e-01
-5.230557061277634201e-01
-2.442499880958786951e-01
-2.295230773184983586e-01
-4.674943521971595684e-01
-3.036387232834369398e-01
-4.316806913115177613e-01
-4.296111006831898060e-01
-5.277321903422995675e-01
-4.268308701563832686e-01
-3.313057335095382916e-01
-2.475121889102636363e-01
-3.339839167929841701e-01
-2.362389141412364890e-01
-2.678511993131564295e-01
-2.240297283083901025e-01
-4.490306544430698876e-01
-4.410132846203260737e-01
-4.614185741561684928e-01
-3.867745597530762858e-01
-2.173524524290718074e-01
-5.062449652013001344e-01
-4.296989827131579842e-01
-2.081150295283543394e-01
-2.282843579147601498e-01
-4.697056785147556979e-01
-4.153003139982053837e-01
-2.993961529477900396e-01
-3.095169909800848385e-01
-3.065721240177565199e-01
-3.204375182626753027e-01
-2.245612767460409553e-01
-3.499812005125469971e-01
-1.734299742499253727e-01
-2.714046695110063356e-01
-2.380928425520996983e-01
-1.426704220923413757e-01
-2.099046778920224399e-01
-3.618823960478236290e-01
-3.714867189967199224e-01
-2.932444066732748933e-01
-3.487097415712294701e-01
-3.772318549689421818e-01
-4.753287295271073631e-01
-3.583536358571460245e-01
-4.761929510239939489e-01
-4.875591652675579923e-01
-6.061196058696394218e-01
-2.005533603896126615e-01
-4.582597042972135215e-01
-5.125564599141004818e-01
-3.250454565762765369e-01
-4.725435248151953482e-01
-5.110759508969082709e-01
-4.994411556078187098e-01
-6.337623983700346741e-01
-5.828969970253983224e-01
-5.055850112515360983e-01
-6.041877777448925180e-01
-5.143306635454129028e-01
-5.419513923235682595e-01
-5.412834369368315635e-01
-4.908925430744228713e-01
-6.673075096173815002e-01
-6.542752903410838927e-01
-5.827976459045702828e-01
-5.013582225362397393e-01
-5.232593961926310655e-01
-5.341635820949592883e-01
-5.507621090365096839e-01
-4.666196273422925089e-01
-5.120145640318058966e-01
-6.685351779689381324e-01
-3.909745061892957452e-01
-2.990722126370858325e-01
-5.225443816856029100e-01
-5.460845333571141547e-01
-5.893942661771346403e-01
-5.965710350601928225e-01
-4.285227707781472661e-01
-5.109863325867207706e-01
-5.382019972108313954e-01
-5.575301690958697209e-01
-6.979835231124140726e-01
-5.715001549868987674e-01
-5.611503054062787488e-01
-6.021908637751959281e-01
-4.072214352157883521e-01
-5.053812575464067258e-01
-5.244122427051676194e-01
-5.329668368998072836e-01
-6.225479533237969765e-01
-6.463570375870099083e-01
-5.147927859319380017e-01
-5.980170000841875666e-01
-4.270718319820376863e-01
-4.769046681614114158e-01
-5.649587476342352588e-01
-5.529149931601095025e-01
-5.268014321155721769e-01
-6.475270485605344462e-01
-5.505233667510031070e-01
-5.769751644770826360e-01
-4.073035346896105025e-01
-5.329703971384661676e-01
-5.167849170967169226e-01
-6.967924432877872221e-01
-6.349591788026692774e-01
-4.966905812488026650e-01
-5.917382306913712142e-01
-4.668091227556243616e-01
-6.116740219927023769e-01
-6.224116949224643980e-01
-4.554790323669302143e-01
-6.171584578068195492e-01
-5.309122656170377486e-01
-4.248476820771459050e-01
-4.848773215839929929e-01
-4.587785538601352187e-01
-4.601924858879737346e-01
-5.548913550835168351e-01
-5.191425802760480934e-01
-6.713258267092877540e-01
-6.177596747592638549e-01
-4.795391521629139842e-01
-6.680690958885540098e-01
-5.711619165764346695e-01
-6.061759877446271094e-01
-5.824389894301312820e-01
-5.436833151851220292e-01
-5.097721258471804573e-01
-5.126592402589922326e-01
-4.888122380749400642e-01
-5.154203916148180076e-01
-5.281252885154107402e-01
-5.506625861537794986e-01
-5.507702779630743173e-01
-6.809794741481418612e-01
-5.104086640071539005e-01
-5.570640544181455489e-01
-5.448988670275825008e-01
-5.627938296689108943e-01
-5.447658389782531474e-01
-4.979624128413767670e-01
-5.015748195424111211e-01
-5.137667512034634898e-01
-5.209596675127331489e-01
-5.173409104709121298e-01
-5.490560157607634606e-01
-5.466043831777733786e-01
-5.417537964161771580e-01
-5.422172265616845843e-01
-6.130199867905536948e-01
-6.545679125704835233e-01
-6.314117448569984692e-01
-5.856510453878419620e-01
-6.121114888849391589e-01
-4.330677181668354803e-01
-5.598284308110836882e-01
-5.013266116340456824e-01
-5.449334118517376035e-01
-5.850119849109097769e-01
-4.560337104758117044e-01
-4.671962622335941173e-01
-6.883295847546326840e-01
-6.967590546962654230e-01
-6.749115122796133237e-01
-4.521093821013315028e-01
-4.576561197135477488e-01
-4.471615077892971413e-01
-4.850469422760209648e-01
-4.542954855472837172e-01
-4.864890301518342564e-01
-4.548030252031782239e-01
-5.305639977087056591e-01
-5.427035372083536258e-01
-5.581438095885625783e-01
-5.272697631502442084e-01
-6.568556564922277685e-01
-5.967646420677776842e-01
-6.822940734914813010e-01
-5.608703823494194385e-01
-5.399630428502127932e-01
-4.184162888401606328e-01
-4.529678150791070501e-01
-4.941678743085081704e-01
-4.988973602637761240e-01
-5.127757100598573370e-01
-5.486626885953536092e-01
-5.618115703504821257e-01
-5.483751739324990160e-01
-6.379312623214793421e-01
-5.239629748900730410e-01
-5.250841293201707893e-01
-5.154668635149819433e-01
-6.032021609476398982e-01
-4.969362534991464408e-01
-6.068877128155942824e-01
-4.456913503574883584e-01
-5.510639079855060851e-01
-4.577174234494356120e-01
-5.416443835997791778e-01
-5.345022218922873547e-01
-5.560963460005698966e-01
-5.334779342752898890e-01
-5.930988104121877047e-01
-4.260606234205465692e-01
-5.099512314513542366e-01
-4.860018661613216828e-01
-4.727251543420423197e-01
-4.306463056976800874e-01
-4.806795042425061615e-01
-4.367082272802018661e-01
-4.850238115022184049e-01
-4.989989732250356691e-01
-5.389986084011770817e-01
-5.781873703391002817e-01
-5.423131889814424289e-01
-4.724818585213256816e-01
-4.621886308400016685e-01
-5.100935161900359560e-01
-5.232829486879951864e-01
-4.529293573955077701e-01
-4.269494433018847235e-01
-5.321419143918035832e-01
-5.368837904270878925e-01
-5.157054140060547409e-01
-5.502035046147727426e-01
-4.860676235407175860e-01
-5.079841963446228847e-01
-4.779657388120501227e-01
-5.362289122477843506e-01
-4.893708443365509253e-01
-6.059527437601374134e-01
-4.850812706887501768e-01
-6.094391555151227324e-01
-4.659156817456265309e-01
-4.063466952537320709e-01
-4.154570563957715179e-01
-4.642826988745681893e-01
-6.742874453835653314e-01
-4.979815015422697222e-01
-4.698823746312558169e-01
-4.292474117607926742e-01
-4.001450959433382470e-01
-4.809837921710801711e-01
-4.028927012528384366e-01
-4.745582888069748706e-01
-4.710959543713591491e-01
-4.734072282833283740e-01
-5.173713201168902431e-01
-5.196024060838159153e-01
-5.111402537523671574e-01
-5.325519924249220161e-01
-5.195389330244555293e-01
-5.103272840321161352e-01
-4.489286250227327857e-01
-5.015954593110004689e-01
-5.408646672184727056e-01
-4.963886979311420422e-01
-5.066009722174795726e-01
-5.993978816911117447e-01
-5.075290211077608804e-01
-5.272817313962058217e-01
-6.059239643575743406e-01
-4.878845917245488994e-01
-5.100474048227175983e-01
-5.600057730650325194e-01
-4.918345504354757480e-01
-5.049911961754858236e-01
-5.022562899557678762e-01
-4.699418527364292997e-01
-4.981243469050699035e-01
-3.895598879157286532e-01
-4.102005212576614879e-01
-5.086178548529306509e-01
-4.469177899270208032e-01
-4.992175381052652572e-01
-5.092022254032295692e-01
-5.048000567620747336e-01
-6.361383521840024979e-01
-4.619073889133189503e-01
-5.567242735346096261e-01
-5.544969407715727439e-01
-5.252941530204144893e-01
-4.659418356857130683e-01
-4.729368380680767370e-01
-4.291768912168766326e-01
-5.303788015014787582e-01
-5.940131994312152219e-01
-5.247064029208788893e-01
-5.920725739980347013e-01
-5.154872237069980656e-01
-5.146926208384302592e-01
-5.808660608609200748e-01
-5.133685578879794154e-01
-5.514494620438809003e-01
-5.420800301426631496e-01
-5.054354327983530126e-01
-5.248430334377246487e-01
-5.282899540231800195e-01
-5.275583090707929301e-01
-4.390226794277208855e-01
-4.526652342338020607e-01
-5.334491109532809583e-01
-4.928975865711354709e-01
-5.198119112091088567e-01
-5.188880459351058461e-01
-4.745235943490812014e-01
-4.920659163010206449e-01
-4.885597553456592079e-01
-6.666261725378774816e-01
-6.752252062410442068e-01
-4.925457263327754909e-01
-4.285921385887648816e-01
-5.264406229596987341e-01
-5.225865099568379746e-01
-5.696115845091694885e-01
-5.239276953172401496e-01
-5.089347137074241578e-01
-5.344447165548988909e-01
-5.763888648835985284e-01
-5.121526231157087494e-01
-5.323097349223129271e-01
-5.696778064787241247e-01
-5.533115857777464175e-01
-5.423281662762963196e-01
-5.342117580425350676e-01
-6.062137139044302403e-01
-4.953660603434054122e-01
-4.795065951378864599e-01
-5.487734626285508677e-01
-5.605146495487187686e-01
-5.761513527058024220e-01
-5.916312930840378348e-01
-4.452677010349561648e-01
-4.756317999325668233e-01
-5.366996339919886116e-01
-5.698641728018863928e-01
-5.835514129022436602e-01
-5.786886317812858227e-01
-6.746025522266153596e-01
-6.380150677135032478e-01
-6.704015770130182794e-01
-3.960627730932016477e-01
-5.123952520330333771e-01
-3.414067096239176147e-01
-5.950211741275895916e-01
-4.541600297137990960e-01
-4.817843897840616840e-01
-5.709114184934869218e-01
-5.939311709743061440e-01
-5.413740990810950171e-01
-3.324570998715035142e-01
-5.879908238344863092e-01
-4.485126699698662733e-01
-5.254050921252012563e-01
-5.093375875243700834e-01
-4.000757626192235628e-01
-4.238561201133228540e-01
-5.730390595364995843e-01
-5.412867379864468864e-01
-6.586468406477475890e-01
-6.699156273880626511e-01
-4.457635137606141273e-01
-4.856774233569061128e-01
-6.631793742352012355e-01
-4.760571862291616552e-01
-4.250281522496630604e-01
-5.364991510427532528e-01
-6.500909594592045870e-01
-3.873143726738237369e-01
-5.278108718069269845e-01
-3.211895187124758633e-01
-6.091615366792134667e-01
-6.644559433232101187e-01
-3.033300763333339201e-01
-6.530366208947390172e-01
-3.310004605503375497e-01
-2.470304560454905929e-01
-5.597768740075617089e-01
-4.340336976002104885e-01
-6.511929255512907133e-01
-4.063527946977393834e-01
-5.237716093644931847e-01
-6.573718786672066994e-01
-4.049254672445260494e-01
-4.316112284937939636e-01
-4.586328858756855142e-01
-5.431786799919239295e-01
-5.858721588107007605e-01
-5.075606331101137902e-01
-2.585077401724923951e-01
-4.202793810295101240e-01
-6.549121690286329178e-01
-4.377219390183204606e-01
-5.265550973214969677e-01
-5.272962898570667800e-01
-4.955921368170868591e-01
-6.644991939500050071e-01
-5.182832742692616845e-01
-4.277580915241310233e-01
-1.353541980101652664e-01
-4.601626980415443602e-01
-6.607091387142607353e-01
-4.413928964739369798e-01
-6.268114744386413806e-01
-4.981533095977085379e-01
-4.802836798704908650e-01
-5.491758134552957582e-01
-6.844947513069385980e-01
-4.492516604775707578e-01
-6.576329733694787905e-01
-8.748499118038007005e-02
-4.503358338157453233e-01
-4.776906615570680747e-01
-4.685519842217705233e-01
-6.651999957967894561e-01
-5.202267843797763192e-01
-3.084565071267378333e-01
-4.585635801399187139e-01
-5.061092220987072343e-01
-4.667703303804558446e-01
-4.732302675811612125e-01
-6.524794186465469048e-01
-6.337643646044683887e-01
-6.287309484095428003e-01
-6.618395708056241666e-01
-6.073183426640073046e-01
-5.240620046529100851e-01
-5.830166732837469556e-01
-6.721127600253070655e-01
-5.204351168754791646e-01
-6.162871885463879762e-01
-5.066147085575931630e-01
-6.811200010630517054e-01
-6.149450467264389042e-01
-6.459843893347098076e-01
-5.014018866678637831e-01
-4.950084913437883816e-01
-4.251877198836197524e-01
-5.208181654810939420e-01
-5.629021471915137687e-01
-4.995561843585819006e-01
-6.704411554793728856e-01
-6.445525079889672382e-01
-5.831930959746542964e-01
-4.623919468020455392e-01
-6.460834908126544818e-01
-6.279136050483605791e-01
-5.527506935983312886e-01
-6.059378796874773654e-01
-5.484021889862356058e-01
-5.392586282410086751e-01
-5.336543196765185515e-01
-5.115751515779353165e-01
-4.728898405403697547e-01
-6.325413116327260887e-01
-6.148169970162854492e-01
-6.136093172100999249e-01
-6.686457597006434384e-01
-6.129903961970734061e-01
-6.557052535066828503e-01
-6.152940381725289232e-01
-5.474071924989593052e-01
-6.054688643495426126e-01
