3.007640829970703936e-04
3.304275799347573882e-04
4.130046265598154428e-04
3.218597057033920138e-04
3.207214205670649463e-04
4.535667199590177239e-04
3.284664047246392961e-04
3.442444486618507333e-04
2.896889543314988850e-04
3.050416048402491563e-04
3.525441399412999671e-04
3.153596469453383657e-04
2.708472175017621018e-04
3.051382962592355053e-04
3.244558572271945252e-04
3.905098267960470837e-04
2.771731240054126793e-04
2.910983733945123552e-04
3.063425972215873174e-04
4.375587721973331497e-04
3.104589615001895810e-04
3.573558345164569243e-04
3.412816444886302434e-04
5.054478374949141449e-04
3.475584568572818046e-04
2.545851635470112637e-04
3.158507643269767165e-04
3.283310073756302285e-04
2.552721175238051050e-04
2.802847647061084422e-04
2.977348037559739060e-04
3.585239153043111543e-04
5.355793730355065674e-04
4.502983311495231851e-04
3.985888578104050239e-04
3.809619714077125429e-04
2.612822341620006585e-04
3.111354583633573422e-04
2.900578967320303512e-04
5.051616862780515960e-04
5.933760719116752420e-04
4.450137655945142880e-04
2.644610361767080198e-04
3.048639299928028175e-04
2.550560004432987507e-04
3.241385286116596725e-04
2.563250295568597365e-04
5.189073917810956135e-04
6.098027758800892350e-04
4.504096633399225181e-04
4.040555858823732761e-04
2.773840234487987152e-04
3.952317891221295227e-04
3.412409584398403838e-04
5.962673582086520192e-04
2.501305358646594410e-04
6.301169411259082255e-04
3.402433510123821394e-04
3.434833600242198051e-04
2.615495976079789168e-04
3.407475456121379577e-04
2.487336751979311541e-04
3.639882519845383095e-04
2.614649217433494960e-04
3.370729466282263278e-04
3.318521810021364494e-04
2.797708994724437789e-04
3.199663127648880233e-04
3.280676336507900703e-04
2.599349452298722603e-04
6.047927842095763380e-04
4.725609190685497421e-04
3.866158873169033136e-04
3.691590698131955151e-04
3.881499359381188497e-04
2.842273925067647896e-04
3.051222020367206429e-04
2.469366968197367947e-04
3.681259498404704537e-04
3.087548721422109406e-04
2.864757482139982021e-04
4.048845485845701804e-04
2.707437783280414959e-04
3.521775173422778626e-04
3.041955541588570915e-04
3.332915843594240132e-04
3.861466715292984487e-04
3.490284193663311372e-04
4.132810121313294045e-04
2.688733075839066806e-04
3.548301865592060067e-04
3.205903853437755435e-04
2.819965532867176722e-04
2.777970732832288066e-04
2.645261414035689294e-04
2.742545423665391927e-04
3.901193610376046212e-04
4.238666019093112491e-04
3.704568432916582562e-04
4.186956088400586797e-04
3.545572190203874659e-04
4.023451767700268094e-04
2.703897722429353455e-04
4.264813182021322171e-04
2.436133127171422746e-04
2.441440057064577797e-04
3.232334103765166500e-04
3.625069425671351435e-04
3.788688941248314983e-04
3.615787588822152467e-04
2.618689209784857020e-04
3.265119949348277537e-04
2.980978670198625234e-04
3.689436500344969272e-04
4.793089983444472177e-04
5.129679733374780228e-04
4.172909203922900087e-04
2.420438069903433373e-04
2.724606811573605813e-04
2.965439502050205931e-04
2.489547392214755514e-04
2.531792205032038813e-04
5.453765066955433560e-04
3.930350523219959861e-04
4.485859156384249327e-04
4.366271235052769477e-04
3.530356176826150412e-04
4.336956948605077294e-04
2.808248586695170478e-04
2.431838986391024818e-04
2.825647535157094778e-04
3.495247819707187915e-04
3.762806738318003031e-04
3.270406844183300745e-04
4.155587866061420470e-04
5.753103468819010169e-04
5.580987154301722802e-04
4.712663422451533030e-04
4.421159579734578078e-04
4.668374122931797971e-04
3.072874869047758305e-04
2.470807677307299000e-04
3.795757665876896454e-04
3.239024685302004125e-04
3.704988485010980801e-04
3.393685777511091552e-04
2.705513792034178579e-04
2.849412179361339101e-04
2.994277097167567770e-04
5.725889839716254929e-04
3.004902126100843143e-04
4.774155585388157523e-04
3.420404853596957376e-04
3.619280096991417937e-04
2.509601615720515239e-04
4.201271274938274641e-04
2.407346091022613207e-04
2.700348328836415547e-04
3.852176366221314575e-04
2.790215044006742881e-04
4.721199057422861963e-04
4.785823214192598258e-04
4.161808168943771646e-04
3.769714193422511153e-04
4.487499095824191726e-04
3.081930534867209203e-04
2.633629170505641793e-04
4.610796524033006346e-04
2.395203122931310630e-04
3.509098800352307207e-04
3.269702029130885077e-04
2.885666087661418002e-04
2.725839060766629333e-04
2.943111549491728043e-04
3.563902367048179588e-04
4.086801544251770970e-04
2.961960782062335166e-04
2.318626367051672106e-04
2.652086240963977292e-04
3.043163853834145844e-04
3.861176271565266928e-04
2.709225765711392947e-04
2.868391091738737675e-04
2.769751411953781401e-04
2.900637723154734192e-04
3.617249985270850265e-04
3.061070299948469536e-04
3.771912542254186851e-04
3.147824266855295695e-04
4.111463864650151379e-04
3.198773055861883394e-04
2.656701921129933424e-04
2.323749314232960840e-04
3.455702697567491783e-04
2.900808477610939242e-04
3.487693562678979625e-04
2.755964902410632075e-04
2.505234353794850684e-04
4.528469721228561384e-04
2.305963268917012477e-04
4.656963251799922350e-04
2.297502456614403013e-04
4.895734846228470436e-04
2.361102697765326435e-04
3.048697886092342681e-04
3.457212138605766059e-04
3.399239573449757052e-04
2.614349527461210963e-04
2.415792884708514395e-04
2.740256134850838120e-04
2.222709231776438929e-04
2.834592705510714122e-04
2.807181976187124147e-04
2.182615458371881955e-04
3.007585960170628889e-04
2.993015508696247363e-04
2.335899006576062237e-04
2.963009338454923548e-04
3.407782604704202661e-04
2.514442598580541016e-04
2.956739785324416394e-04
2.657968524590641137e-04
2.119482676331002223e-04
3.250533914416555716e-04
2.278706502663997257e-04
3.607617600939057008e-04
2.121949541207822679e-04
2.047354212218557596e-04
3.747436739007425281e-04
2.225372687908197349e-04
4.000383183104829193e-04
2.519029264588667377e-04
2.882720501901722297e-04
3.178616550192131431e-04
2.413452909330549511e-04
4.004470795044641116e-04
3.518301859324970168e-04
3.387869249795729082e-04
2.892551909934476008e-04
2.708873939582663831e-04
2.750258238670202633e-04
1.875394597404639817e-04
2.459001319868896933e-04
1.922372496299245019e-04
2.416837971491006586e-04
1.952680535983859983e-04
1.826399774238660306e-04
2.325255496810066315e-04
1.990668291369013026e-04
2.157214781077516214e-04
2.565708495773908783e-04
2.030746248068908779e-04
2.074221608991747012e-04
2.312188168386651967e-04
2.752618340562600985e-04
2.219722402585712253e-04
2.500346656308900318e-04
2.970972782014023633e-04
2.371162174544312227e-04
2.721330200075985288e-04
2.967879105118940877e-04
4.141755520975376340e-04
3.404147650061166517e-04
4.023904249348609816e-04
3.694426166614499219e-04
3.352841102305328556e-04
2.812126318134554803e-04
2.728895283244514168e-04
2.288515184300702438e-04
2.104254306858301311e-04
2.593350763182023780e-04
1.793317861420815214e-04
1.772503087537941773e-04
1.868649084534089260e-04
2.112604527838653126e-04
1.782888599324339068e-04
1.854633183977718756e-04
2.112108526311270301e-04
1.967843456426546667e-04
2.081430235595938265e-04
3.392504952225192756e-04
3.963940218012499328e-04
2.477640874551393030e-04
2.600141594948976844e-04
1.753774598067048892e-04
1.809051123365793868e-04
1.998851719461848986e-04
2.201027835209440765e-04
3.878506833573935344e-04
3.137873386992718586e-04
2.070394081849374641e-04
1.867769838642506378e-04
1.954520007256502646e-04
2.106562984878950829e-04
3.340737376656385859e-04
3.834459815657710992e-04
3.343503488658992450e-04
2.623173209980423043e-04
2.267061944051826199e-04
2.568874003551783938e-04
2.999869019376382611e-04
2.637754754521878212e-04
2.971939182501241706e-04
1.987469745799598086e-04
2.071874840988255405e-04
2.228578058444325490e-04
2.583019110414510526e-04
3.014819441595704952e-04
2.991776613977925711e-04
3.859378353816904600e-04
3.676539423982329757e-04
2.598769746646386334e-04
3.152940865051285070e-04
2.224658858753895702e-04
2.331511758657290885e-04
3.555069992272626806e-04
3.337066671398490809e-04
3.944367330885990104e-04
2.379832811232034800e-04
3.073634358616070652e-04
3.074275913528534947e-04
2.535411378415944523e-04
2.394490856082682269e-04
2.807031874664401975e-04
2.888451987424078154e-04
2.579205621136164200e-04
2.750412990273536713e-04
2.634633945462048652e-04
3.294826464485326985e-04
3.102469374792919741e-04
3.595117208371203751e-04
2.903139711422321120e-04
3.011034588890146172e-04
3.007790736097813982e-04
2.688018530743320846e-04
3.923091527501472485e-04
2.801631146178887419e-04
2.727057692358387489e-04
3.221045719182200084e-04
2.941438828072947880e-04
4.087957953529648496e-04
2.790921209464750476e-04
2.962283760596522738e-04
2.652629705959782050e-04
4.230539674551627512e-04
3.393831130842460278e-04
3.083240583955393918e-04
3.338151266019481105e-04
3.701559875082712230e-04
2.909375789270126213e-04
2.338158217632653284e-04
4.294878080160862126e-04
3.134743170622673923e-04
3.065411139203167747e-04
3.325089825623393476e-04
3.472469743875471583e-04
3.262856533402730473e-04
2.911873822182923783e-04
2.905642880452635225e-04
4.150262583033413697e-04
4.374699242033153949e-04
3.054690492952329877e-04
3.258426521597818136e-04
3.355636176154971418e-04
2.807823562890324936e-04
3.618263195515941037e-04
3.569764059009825899e-04
3.422262939497166720e-04
4.095888868090370749e-04
2.761358315627692708e-04
3.839634691340251620e-04
4.206130016151402788e-04
3.591253414081579986e-04
2.747505857173568149e-04
2.391677413375347988e-04
2.714349079000893949e-04
2.698631706395961637e-04
2.971020963473785777e-04
2.848634853330197039e-04
2.812689682315806772e-04
3.156433055823876276e-04
4.197272871038732834e-04
4.327454802720104798e-04
2.848335475636446694e-04
3.179961457385284732e-04
2.495362240878958265e-04
3.094867271837350325e-04
3.183331420261680238e-04
3.802336192923509652e-04
2.822039062167046178e-04
4.119243376120535838e-04
2.490261861067486209e-04
2.855826454020062976e-04
4.177554099785077543e-04
4.523647489843110625e-04
2.142488339588744775e-04
2.724454503037235741e-04
3.990401664148876494e-04
2.702098946381520676e-04
2.284216666036003088e-04
2.318201711940338699e-04
3.312849296581679335e-04
3.689106048395595304e-04
2.840009241874572672e-04
2.420977455526861124e-04
2.083640951600869223e-04
2.146810608690127246e-04
2.119685653250456879e-04
2.065150585727032440e-04
2.170830998987825192e-04
2.511056513097694115e-04
2.430476512541345565e-04
3.531557270343607907e-04
3.572803153813016623e-04
2.451852420127424519e-04
4.169866800555440452e-04
2.459831636401002422e-04
4.301290425346193419e-04
4.374535646898578358e-04
2.474089389342505130e-04
2.667620747732243197e-04
3.785256815126083899e-04
2.913245126651228421e-04
2.811792365021477803e-04
4.297488648229041866e-04
2.675703326314879068e-04
2.646754861728430009e-04
2.845265730002320670e-04
3.095693555427754410e-04
3.326356230929633094e-04
2.498926053581803437e-04
2.255197149447479149e-04
2.725683017960020310e-04
2.824031210974557119e-04
3.774329377557919377e-04
2.955402313849949379e-04
3.112053215439583966e-04
2.989828422775794880e-04
4.211225138338420769e-04
2.606002779980302951e-04
3.247917581084994805e-04
3.065305126507381658e-04
4.289473507836960337e-04
3.449217386742870883e-04
2.532193101817117528e-04
2.784899490140090700e-04
2.642931350863706092e-04
2.720776045950498777e-04
2.734412537521993471e-04
2.955357084098339765e-04
3.503043696093531187e-04
4.532981810757052477e-04
4.145745769374036861e-04
3.603564196959768554e-04
3.259016741902162097e-04
2.913667557432628261e-04
2.978858696421750156e-04
2.775865956554256133e-04
5.004449583809565802e-04
4.980651507911973549e-04
4.034066644975133628e-04
2.239109893935285474e-04
2.882872841657674952e-04
2.387269427829281194e-04
3.114671678815114858e-04
2.530710894811936712e-04
5.170390109126510531e-04
5.106889476306364231e-04
3.967385573524203420e-04
3.903032128708327705e-04
2.689170575482987820e-04
3.991986675334618516e-04
3.217401703996278315e-04
6.005264629521817879e-04
2.939232305048551370e-04
5.300423195811176371e-04
3.541758378420942362e-04
3.533389445296094438e-04
2.939726345080298140e-04
3.151275822147031592e-04
2.708287819704728876e-04
3.328088504867422054e-04
2.643579420245188326e-04
3.804717243080681772e-04
3.543765701849925336e-04
2.690957721738810541e-04
3.263695156062523741e-04
3.009285636230664613e-04
2.380564539163992856e-04
5.693147507886322373e-04
4.260369661227528422e-04
3.533999308683917636e-04
3.844841135864699149e-04
4.004932810872225920e-04
2.947991845935847696e-04
2.928715662202148072e-04
2.638243932312502558e-04
3.576079350127694869e-04
3.411004402133983914e-04
3.106948647889406297e-04
3.631389564422128559e-04
2.864062622466319709e-04
3.103104307622497112e-04
2.848277230600801554e-04
2.837029681018307312e-04
3.861685493057167369e-04
3.452967519818865723e-04
4.651284083673249640e-04
2.781813041545981124e-04
3.351850620718277636e-04
2.922234619527200382e-04
2.981167534566193239e-04
2.675766832670447778e-04
2.938467440761152890e-04
2.953026144988048132e-04
3.375436371306631054e-04
4.114737770960346925e-04
3.680791859920980224e-04
4.309937428404707880e-04
3.422754094350052259e-04
4.569114208979743004e-04
2.850558906908224623e-04
4.463049887844992803e-04
2.627083171453201030e-04
2.487456094235713177e-04
3.167299533128701823e-04
3.493330331958629533e-04
3.652728392228328643e-04
3.937112873586439722e-04
2.630796688950694262e-04
3.835965184270043876e-04
3.425282282103318549e-04
3.297260906339360325e-04
4.823200966701701904e-04
4.715382522575074418e-04
3.945685436242986604e-04
2.858070775721048367e-04
3.055741804664571792e-04
3.044825666297769156e-04
2.686873353236784220e-04
2.666255980221267623e-04
5.044020058966152678e-04
3.173405356019142138e-04
4.331285752718509524e-04
3.641002478694531667e-04
3.368883015539954015e-04
4.699922143312967112e-04
2.915933355577930708e-04
2.607951959326204692e-04
3.246080530744549259e-04
3.480930254573158912e-04
3.664004930094216057e-04
3.119001408557360838e-04
4.145866392695516734e-04
5.516070258490283953e-04
5.153902217815227362e-04
4.557585051127376161e-04
4.062364584266892737e-04
4.468229554462484166e-04
3.029620735432434256e-04
2.621412097562978035e-04
3.041124586932891804e-04
2.696301329616582090e-04
3.689311904442011216e-04
3.163836348397007698e-04
2.864996258514115033e-04
2.844218472346129035e-04
3.294488364726163589e-04
5.511933877385406626e-04
3.422227917756933400e-04
4.763539724888528446e-04
3.396794204215991303e-04
3.699952605900336255e-04
2.657849529848147884e-04
4.958644278757317475e-04
2.624871451887803736e-04
2.993137682993172316e-04
3.862512076381842061e-04
2.581032410080368023e-04
4.540544948777142879e-04
4.864342118996516865e-04
3.222220134008212979e-04
3.756666046814816215e-04
3.897193765561755775e-04
2.975406713824689346e-04
2.661324903789979665e-04
4.849144234478156837e-04
2.528811316481814446e-04
4.188602032584976096e-04
4.085880685225429850e-04
2.587879201458276020e-04
3.349459896294001418e-04
2.765037454328319352e-04
3.619887515154428031e-04
4.089979836869106554e-04
3.167295049034375503e-04
2.494327006346845534e-04
2.831511978682835933e-04
3.523788601746087124e-04
3.991031199722815570e-04
2.963951391825733143e-04
2.882014410917713718e-04
2.810856903437487287e-04
2.990654157633824322e-04
3.789584849480153784e-04
3.346911959035006948e-04
4.116373574217061264e-04
3.427849863799811150e-04
4.229692172724308229e-04
3.167116279937991176e-04
2.594630825609651505e-04
2.338553573677618373e-04
3.521532900078759099e-04
3.132763962695523014e-04
3.604882932154100769e-04
2.725900854978024861e-04
2.688809041533665300e-04
4.031616413981125983e-04
2.277702241702420983e-04
4.257693284920936565e-04
2.132965484229464861e-04
4.686970711446936133e-04
2.385430703083638092e-04
3.201696714929433657e-04
4.133808765669592391e-04
2.881570062975742641e-04
2.687954033206575830e-04
2.660645574271612796e-04
2.751590601273668705e-04
2.605285782226265685e-04
3.002297338461855348e-04
3.216475530975261587e-04
2.604081680361536267e-04
3.220109182416034288e-04
3.487021111382009606e-04
2.847707302008148519e-04
3.194254754526162682e-04
3.686201318996452361e-04
3.050161348740592629e-04
3.165748603994005656e-04
2.972934569443291776e-04
2.555145030398822984e-04
3.080254180563272060e-04
2.310830997256772162e-04
3.370485214146261049e-04
2.197485882067996442e-04
1.897173271126731842e-04
3.486074776942475664e-04
2.011423448856919111e-04
3.750664858416876443e-04
2.123787117632530913e-04
2.604249430960008560e-04
2.723732033746250453e-04
2.596524964614979158e-04
3.980430300925321958e-04
4.329893378440114989e-04
4.152262388165113647e-04
3.729116102609011333e-04
2.453923494155728488e-04
2.847501498987431673e-04
2.285019929793027731e-04
2.849363128637808461e-04
2.305163602466446624e-04
2.708185178278418935e-04
2.582757049749064438e-04
2.248954239229891000e-04
2.769700674953047277e-04
2.315090928751480787e-04
2.424372913827067778e-04
2.776912167786489542e-04
2.099591520014798031e-04
2.066575199529403328e-04
2.147168403894020522e-04
2.674975852758480267e-04
1.780550072762080804e-04
1.894231622865872233e-04
2.567261400684824014e-04
1.935365367999373576e-04
2.113829408473174296e-04
2.426060989520699277e-04
4.083611132697358647e-04
3.232246201398117293e-04
4.170865815933190207e-04
3.869764766530850875e-04
2.811659176375750258e-04
2.808277114432223545e-04
2.442711949929326685e-04
2.516729968235559213e-04
2.479135444401336518e-04
2.992828057826748493e-04
2.121144753128940334e-04
1.920227552808153736e-04
2.063021305070772361e-04
2.537641978034492572e-04
1.940323718574962807e-04
2.088957260305779275e-04
2.437059072615425166e-04
2.316053992014962030e-04
2.302266294809901612e-04
3.071313525915503957e-04
4.052090172017414581e-04
2.355915688144122940e-04
2.720787525212877214e-04
2.293119374906807081e-04
2.101506757194128905e-04
2.234212186656748286e-04
2.745310258739449725e-04
4.071786816866255609e-04
3.905329885063326366e-04
2.374833078389350371e-04
2.232552279809189768e-04
2.194896482512502175e-04
2.456081363176465396e-04
3.640694692281928814e-04
4.025691512451214354e-04
2.834418881594242602e-04
2.303763897135510533e-04
2.244329489805949203e-04
2.491111379932070785e-04
2.715153811062974583e-04
3.100662661424759595e-04
2.715577218220342347e-04
2.299352595610953411e-04
2.415595393361877937e-04
2.499106959383384763e-04
2.561530302895190063e-04
2.706075412435959685e-04
2.626572268407928023e-04
4.393671848714151835e-04
4.202246734028658795e-04
2.256024592196201068e-04
3.719911230809110330e-04
2.403934820737988897e-04
2.577050137812144509e-04
3.917919394985081277e-04
2.880522390389191512e-04
4.229459595453770576e-04
2.252879860624064097e-04
3.615840021584525881e-04
2.735591258498078844e-04
2.260823047742718274e-04
2.364215726456242027e-04
3.343246858855414977e-04
2.561359392001981905e-04
2.638971561521150804e-04
2.727079950268791048e-04
3.003154043123114412e-04
2.888035296761641145e-04
3.426144662125213164e-04
3.992498253777419684e-04
2.567893562633640761e-04
3.143755366851294273e-04
2.665844884393739561e-04
3.015639293024520743e-04
4.271835032804287583e-04
2.629870586520076294e-04
2.729944139548250441e-04
2.847885908051782291e-04
2.958916776300360169e-04
4.356071220527424435e-04
2.734803348537422725e-04
2.629908981432876620e-04
2.957034174333662726e-04
4.317608869089282434e-04
2.860443662027779550e-04
3.101096137382677626e-04
3.924851256697949172e-04
3.906007059996075784e-04
2.585398768646809215e-04
2.636593728985645296e-04
4.345375698581608530e-04
3.719484448145165840e-04
3.342325508596962987e-04
3.054382882688072066e-04
2.959290583577652402e-04
3.341750283236909723e-04
3.462136087768636098e-04
3.123447978833932426e-04
4.511965043437658144e-04
4.545648215655173521e-04
3.315103079602480440e-04
3.346774411756293075e-04
2.860393919932308743e-04
2.960986593799972821e-04
4.150856565781537041e-04
3.117533502324981221e-04
3.489300910490037398e-04
4.143070878216296234e-04
2.280184597707810696e-04
4.364703911560003312e-04
4.516537154477214054e-04
3.406428645146106107e-04
2.220960433952284601e-04
2.637377935437756112e-04
2.824517183017931235e-04
2.188963798877227324e-04
3.403463460788507412e-04
2.635207940834830486e-04
2.590096586383288128e-04
2.789638205089885713e-04
4.688856144438254578e-04
4.652413427056173835e-04
3.057462125796685183e-04
3.738162569852289548e-04
2.755871296044490153e-04
3.318382493450856927e-04
3.386825680266743969e-04
4.395284176654680854e-04
2.458780440214840420e-04
4.674776774566769618e-04
2.260949387871881856e-04
2.982203028611645607e-04
4.023830387142213086e-04
4.646650257484059138e-04
2.430539308775426025e-04
2.845340789595681287e-04
4.587642280815998992e-04
2.592211075017757278e-04
2.444267131180822791e-04
2.084221421483737919e-04
3.678741924729891206e-04
3.963715179422829383e-04
2.994095992017414398e-04
2.497251895548436760e-04
2.418105234496879634e-04
2.371866613508002574e-04
2.341469064614642027e-04
2.213696186423220905e-04
2.097107056536769534e-04
2.574363524842331464e-04
2.425063389178595146e-04
3.858623643190031878e-04
3.983628416548963633e-04
2.341042886603690793e-04
4.644147111125125323e-04
2.404848034151200868e-04
4.418294644060594264e-04
4.588404797455989509e-04
