2.795389741067700662e+00
2.410207775244571859e+00
2.079986949698291898e+00
2.223830010885368136e+00
2.125087195474772983e+00
2.029447127971530485e+00
2.501455859345457000e+00
2.650082863371011843e+00
2.381673143382147195e+00
2.202567572243325333e+00
2.612554800302806957e+00
2.896885169074634891e+00
2.508289163061585558e+00
2.735933954760086717e+00
2.678602922588767310e+00
2.337400699504871504e+00
2.311835403084162799e+00
2.289988628753314437e+00
2.258989930634538013e+00
1.863967768832268890e+00
2.801437074961036444e+00
3.596025663144142293e+00
3.014557219079889272e+00
1.532918753926172606e+00
2.229839586281114450e+00
2.456503345119126269e+00
2.310638035463097317e+00
2.508325263556729912e+00
1.852153784735752762e+00
1.811822094438323205e+00
1.704364021584816813e+00
1.978753063243388732e+00
1.557037610164333952e+00
1.751429570670312907e+00
4.103105771106836386e+00
3.680237984307197063e+00
2.324199867564986199e+00
2.291797542669275600e+00
1.791960051464781323e+00
2.292401674346583818e+00
1.613505352727536035e+00
1.561435087612874861e+00
2.725516409578411015e+00
3.278362283658883936e+00
2.666129568639452163e+00
2.620715840761068449e+00
2.331752131699550645e+00
2.248181564331837023e+00
1.680973742483482747e+00
1.455212034441614843e+00
3.459495781811574577e+00
2.253478525337214489e+00
4.013392542818203346e+00
3.189401269309449560e+00
1.980334609690451053e+00
1.354809440030246170e+00
1.710318757057201822e+00
1.688880391506644152e+00
3.538380884660518255e+00
2.508958097489694339e+00
3.168824370978039262e+00
1.871115734968835209e+00
3.450983358599243100e+00
1.458409312798189639e+00
2.056450972228072605e+00
2.224539871811942238e+00
1.522484687754073862e+00
2.039083287991007243e+00
1.891703246045600695e+00
1.503005266222375624e+00
1.674536740572616367e+00
1.510097256743919480e+00
1.405179543641922102e+00
2.655858534157751638e+00
3.636192014203341483e+00
2.657687533426851711e+00
2.758140289844739801e+00
1.497629834135439042e+00
3.399553143827240387e+00
1.628072892898535740e+00
1.836129428928036544e+00
2.391158429525786833e+00
1.641703522086222389e+00
2.442613733990065761e+00
1.950447931057054385e+00
2.283764883279849833e+00
3.200670804826540650e+00
1.652977466791739403e+00
3.035569396533118525e+00
1.965326674655345940e+00
3.474948580306211898e+00
1.934579423735016013e+00
1.654538572499998139e+00
1.619036380313131129e+00
1.429426033913884231e+00
1.578740474428646179e+00
2.847082029005965964e+00
3.519501545954168087e+00
3.129243231322324625e+00
3.132266609253943290e+00
1.554576110922463172e+00
2.800975613481297977e+00
1.822824136637989367e+00
3.598770311206167083e+00
2.315695207708316161e+00
2.520392448026239851e+00
3.178780303165399612e+00
3.370461193819054291e+00
3.164528740953407304e+00
2.478918233522806602e+00
1.421609104532470136e+00
1.627353270613099534e+00
1.432477591744147682e+00
2.295723767906360013e+00
2.189303676597660342e+00
1.595214622143235728e+00
1.564576714985114636e+00
2.451218980714928275e+00
2.846642878870090598e+00
3.068236487953685643e+00
1.431901652360113797e+00
1.362351345633681321e+00
1.622992043489077663e+00
2.876816825577420467e+00
1.650354830315527543e+00
3.470473196799630067e+00
1.530776780546879046e+00
3.166624659293966193e+00
1.834388347785446349e+00
2.406187769971482648e+00
2.636771530791882423e+00
3.444256775464981768e+00
3.240270508687240536e+00
3.126213489455489380e+00
2.153682113596286030e+00
2.210477728027463673e+00
1.619949225015976602e+00
1.712551413244407073e+00
3.621603897794261950e+00
3.860961590155768786e+00
1.675134104799252510e+00
1.992958852618931909e+00
3.502901337925539593e+00
2.559720982722957672e+00
3.380583695769097563e+00
2.270908389089079105e+00
1.461251539852199688e+00
1.590204648161627876e+00
1.746866563379429804e+00
1.812890307739351448e+00
1.869619752120822431e+00
1.565155715770426781e+00
2.452480865684919298e+00
1.584801733552545944e+00
1.986845913318215695e+00
3.162092680503133746e+00
2.396826714141646608e+00
2.783416714818522486e+00
3.099429521765038498e+00
1.677458310070407022e+00
2.052890462917239756e+00
1.713093926499635877e+00
3.407293049609949165e+00
1.731218707366757981e+00
3.824832479202953106e+00
1.757241876730739616e+00
1.756867964127476700e+00
3.764033585110911240e+00
2.385049483788351576e+00
2.070393721953927013e+00
1.444238289071030357e+00
2.055020127301034449e+00
1.272825727398859241e+00
2.177086021855972664e+00
2.090208387612950247e+00
1.779812059838017824e+00
1.612395017773260442e+00
2.199189613546713495e+00
2.941371417545174616e+00
2.983893341548665035e+00
2.843480350074595542e+00
1.497529524616429075e+00
2.188291848500113712e+00
1.571233271540052323e+00
1.718154067601948665e+00
1.828939536425532086e+00
1.957519227544689100e+00
1.584884833756719180e+00
2.206971942924640828e+00
1.690129006034933878e+00
1.899359195278265355e+00
1.882660736526998946e+00
1.891111449113221044e+00
3.924299082877109157e+00
1.937261601368802877e+00
1.956421096382760405e+00
2.050835139978912203e+00
1.647396103611910467e+00
4.165842174715768564e+00
1.864991984687930815e+00
4.534433249793888621e+00
2.294672433996918226e+00
4.890403726407684282e+00
2.676393054717160602e+00
3.523266513137810918e+00
3.125003022025790056e+00
2.802697591760317408e+00
2.153637695174694056e+00
1.957319398723055937e+00
1.667314267989332910e+00
1.676507900986477173e+00
1.817290991030183545e+00
1.669990113905930551e+00
1.552340511606285833e+00
2.165183037186655834e+00
1.591551050018989777e+00
1.628203347267354939e+00
2.267962490245873486e+00
1.822899596940863010e+00
1.765877822395233387e+00
2.339212319148500363e+00
1.965890468395005142e+00
1.831818231340285319e+00
2.812135187263959502e+00
2.018670714299696023e+00
3.247823632692400153e+00
1.677106089521161136e+00
1.918789810469274215e+00
3.625554734583444016e+00
2.232670000941268995e+00
4.236821449199625889e+00
3.181860817865342472e+00
4.008044313505000567e+00
2.634465055812470702e+00
1.653586112923784324e+00
3.254314910051761434e+00
1.704502412276385881e+00
1.485293976146673467e+00
1.289295340014121827e+00
2.198698799087583922e+00
1.623050734134523498e+00
1.489324525064189109e+00
1.916469635042585828e+00
1.554172672626935814e+00
1.989066821939863949e+00
1.581436944041441972e+00
1.629352034446145847e+00
1.907593413373959823e+00
1.903679517228165974e+00
1.975673382437889369e+00
2.233585291779409676e+00
1.913864139054616276e+00
2.044255057169009238e+00
2.237829571358732839e+00
2.512580874576286760e+00
2.391809504498288774e+00
2.744409095394597209e+00
3.055421918140538651e+00
2.788678642076380498e+00
3.417358449573172141e+00
4.204601400756034835e+00
4.587238791016138073e+00
4.339460523145326931e+00
4.060089470060274763e+00
3.855026319809763180e+00
3.434428769327707798e+00
1.656252635911028115e+00
1.990514033543611561e+00
1.981444671891634091e+00
1.762602259707807706e+00
1.783069063493393891e+00
1.470894809913421586e+00
1.502656824262525337e+00
1.561828634926535342e+00
1.663965837090674027e+00
1.565805798816432892e+00
1.616154364216890960e+00
1.765070478946336285e+00
1.829250937898468488e+00
2.020971600400820911e+00
3.748865995939847817e+00
3.465306155995089288e+00
2.202617509922135230e+00
1.702034376425901385e+00
1.378349488669228906e+00
1.489026195079272474e+00
1.656111483126799788e+00
1.658023405204608558e+00
2.679036997064153436e+00
1.413575536733905791e+00
1.822666498412147451e+00
1.577508732115673995e+00
1.617497928084055792e+00
1.601514578714956727e+00
3.882669589260307585e+00
3.613477276966980511e+00
3.460481797917500657e+00
2.117601170213724071e+00
2.084503136921892708e+00
1.751406506096828242e+00
2.458461620845167506e+00
1.421178204165433723e+00
2.001424137169265816e+00
1.748864910309101406e+00
1.701180712306239684e+00
1.616971192854470774e+00
1.671238821213869796e+00
2.576917400337392028e+00
2.288392796983423239e+00
1.767432722981941540e+00
1.676345858884034090e+00
2.264871329674254863e+00
1.496482775551980726e+00
1.892682168497883621e+00
1.666273127127592790e+00
3.860320830874470310e+00
3.466858614025661200e+00
2.389014055312474571e+00
2.112695462952191683e+00
3.610427496175429241e+00
2.175055118314646485e+00
2.231301180484288160e+00
2.043017314619270941e+00
3.209248478711933750e+00
2.273820038059974458e+00
1.832817158334412166e+00
1.691572732793502398e+00
2.671904709825275059e+00
3.380452417739594928e+00
1.558797214940372822e+00
3.773157267854942543e+00
2.236199400777347357e+00
1.604407716464295586e+00
2.788882152633553879e+00
1.459849233285465786e+00
3.513361572801123156e+00
2.052848597335684477e+00
1.915728616775115967e+00
3.221803649677933201e+00
1.702742028006608566e+00
2.100905364200241099e+00
1.915915831019679549e+00
2.821498224739471095e+00
2.317818752502955437e+00
2.946755561362255804e+00
2.466178527693575262e+00
1.742310684888474848e+00
3.531001232075372087e+00
1.777639564169708697e+00
2.819493275120519726e+00
1.796443599926066836e+00
2.000313935781578678e+00
3.327069613751375776e+00
1.697125751045030606e+00
2.295483874465656715e+00
2.349335986764242712e+00
1.824211291589490580e+00
2.885531755985511371e+00
1.578862866699543455e+00
3.137950848196537912e+00
2.051842163237962424e+00
1.667555269023099251e+00
2.058361730788964561e+00
3.385284667099452527e+00
1.640038366472165388e+00
3.555552553622577161e+00
2.189812298619600472e+00
1.886445431228094716e+00
1.950030907573719441e+00
2.752844651707116785e+00
3.393514164899336993e+00
2.435136547157522813e+00
1.996672279646726667e+00
2.723399876283957521e+00
1.704491628840943518e+00
1.725843517972128094e+00
2.584803885730812212e+00
2.607427092625092868e+00
2.570687997595227259e+00
2.532955533095047507e+00
2.596538840719894381e+00
2.712027288219505561e+00
2.160342533037181489e+00
2.205288378871747668e+00
2.683990133747106377e+00
1.742997894419676452e+00
2.442909310919747501e+00
1.884951195595799156e+00
3.322058490545628295e+00
2.631166990678505346e+00
2.933222433678150054e+00
1.967212224308443780e+00
1.786329042437501569e+00
2.215561930140864888e+00
2.153873356914537851e+00
1.493297789179647728e+00
1.807111264328596922e+00
3.135672336725757070e+00
2.414863069062572531e+00
1.674295611622057978e+00
1.615307296092793443e+00
2.577681370686996321e+00
2.686919419097700601e+00
1.977275609524757893e+00
1.872856769837420110e+00
1.447380801024009012e+00
1.552175495991161780e+00
1.493915011436356188e+00
1.363733466872908862e+00
1.436450160852211333e+00
2.043591185414582068e+00
1.893740423081682112e+00
2.525845001146732827e+00
2.820082768140736995e+00
1.918819216714269249e+00
2.957855688096460600e+00
1.930043761401551317e+00
2.509986921638512669e+00
2.780772456286236594e+00
2.580717281130930907e+00
1.111232596242350823e+00
2.556432981285402750e+00
2.385084046695412408e+00
1.192019161038671449e+00
2.590207199424132245e+00
2.179530849296814399e+00
2.008859450622890730e+00
1.891429928812485173e+00
1.621112510651480765e+00
2.934383073815150844e+00
2.552197599463390976e+00
2.232907886516509954e+00
2.912982274362196478e+00
2.685194546925590231e+00
2.835184380532934423e+00
1.999969298254696382e+00
1.836290895237100429e+00
1.462795951878569367e+00
2.552198066451732306e+00
2.442632119409493985e+00
3.667443726238348578e+00
3.117304108626840708e+00
1.925929619152134897e+00
2.720511428293816980e+00
2.325133459202866959e+00
1.195978926390691255e+00
1.142061878960021204e+00
2.187668514149844867e+00
1.847724622340270573e+00
1.898844824726831026e+00
2.198688982964007277e+00
1.855961792126250343e+00
2.310140338557327144e+00
3.791018434282345861e+00
3.335121870275683520e+00
1.938857802513595852e+00
1.369299952866616987e+00
1.786800585229645577e+00
2.763191045773664811e+00
1.786464597540550203e+00
2.078835804436968804e+00
2.331624503970200823e+00
3.390060854739424645e+00
2.196008119516028145e+00
1.458033391340333162e+00
2.146724634699792578e+00
2.758543434661779870e+00
1.825948228439097765e+00
1.866170921040553043e+00
3.605547806263968980e+00
2.522560767863890163e+00
4.354620033339321239e+00
1.525636791461169928e+00
2.511608865112310962e+00
2.012621318950785554e+00
1.735253627927638931e+00
2.302118063083379518e+00
4.018829826973691510e+00
1.796767197218922529e+00
1.426623776067337257e+00
2.145027455128397431e+00
1.488627501513082763e+00
1.537190888570280523e+00
1.579867525987308730e+00
1.744128066809585542e+00
1.484682702227793749e+00
1.726004440339318879e+00
1.707664467826395471e+00
1.493090406329573572e+00
1.909944127154866500e+00
1.853369638762484506e+00
1.694756897546916719e+00
3.386678239506941690e+00
4.063780727071993226e+00
1.583526403144521533e+00
1.422221618231838569e+00
1.749832231754093748e+00
1.847706230725697063e+00
1.466099099963980468e+00
2.059805947523616343e+00
2.084983027048447290e+00
1.893753335097159818e+00
1.997880240367165827e+00
1.936863666500033387e+00
1.952086304120454141e+00
3.499819209406808795e+00
2.061598993771478039e+00
4.232492141839637512e+00
2.418609908206565073e+00
1.765881785103155188e+00
1.632851056354669872e+00
1.739383078199912003e+00
1.678211752193964790e+00
1.868632265817021354e+00
1.806208135519054236e+00
2.336949918473124832e+00
3.492230283753894327e+00
3.250080341575581233e+00
3.745901419344763728e+00
1.883894262939670217e+00
4.117914686193302920e+00
2.261085719810493000e+00
4.269000367212698599e+00
3.040108526308751724e+00
2.062492242660512343e+00
1.488331374925798256e+00
1.480657616496944495e+00
1.463745573873652228e+00
1.514958447540666553e+00
1.418595265755590917e+00
1.421590300679837604e+00
1.350001924329431224e+00
1.831907121924226889e+00
2.503021682159722872e+00
1.857097364636710601e+00
1.765171092846679279e+00
1.909898294547126785e+00
1.732508669031905368e+00
1.560427549711864259e+00
1.706294780241734088e+00
1.514965052074459750e+00
1.830378464220769441e+00
2.036344969516096004e+00
1.770926815417778633e+00
2.673014204825222784e+00
1.635111123117808596e+00
4.266591718325152272e+00
2.139575337561141044e+00
3.175544259648331646e+00
3.854899402893460003e+00
1.536131176285702393e+00
1.478714825461928228e+00
1.666685543915587209e+00
2.112541181826373737e+00
2.284614499912120955e+00
1.723148586158222750e+00
1.777911802323996593e+00
3.224760368144323319e+00
3.894544322405350645e+00
1.788239699124602788e+00
2.384065135909577027e+00
2.770549536065895158e+00
1.245779743975140796e+00
1.538265930939091142e+00
1.788957694483322758e+00
1.718769483826960931e+00
1.735447866549739926e+00
2.134845094370782626e+00
1.959236151666110981e+00
2.243063013702634390e+00
1.725906978214756027e+00
2.217859847398503614e+00
1.688037627024819631e+00
2.228936130294386864e+00
5.064588776576704809e+00
3.258262229723977388e+00
3.934110403690161739e+00
1.533394666997794697e+00
1.377592888732994680e+00
1.881776101020665282e+00
1.851353258078721087e+00
2.061916933820502784e+00
1.629278228647149440e+00
3.120669282558328206e+00
1.552840225894179582e+00
1.679608475425257152e+00
4.743738675958417694e+00
2.746757368209726380e+00
1.487473862333815067e+00
1.395587514775002758e+00
1.540056004456462402e+00
1.384448712454082075e+00
1.727359783270764337e+00
1.875366341409473003e+00
1.713923626177288773e+00
1.572324306348809042e+00
2.436084942443246693e+00
3.856862258092219164e+00
4.671166174350748435e+00
1.450724755882452977e+00
1.605200731166344541e+00
1.827781499455594094e+00
1.635192781248941074e+00
1.894300858952748357e+00
1.742955827009858405e+00
2.257672576365100436e+00
1.764948073691745112e+00
2.324396826882390688e+00
1.731469667293990655e+00
1.529715063792858487e+00
1.500638353749618403e+00
1.632356044404093431e+00
1.613451994402834933e+00
1.789960530963646823e+00
1.748399664428300637e+00
1.582074225790800259e+00
1.513210204429005890e+00
3.577569515368493214e+00
1.481351438550440047e+00
4.021826845687654917e+00
1.688494937486023639e+00
4.901896858981887206e+00
2.617916540750222509e+00
4.490452054089020706e+00
5.197905042627711580e+00
2.580045751552078048e+00
1.966025475991296512e+00
1.950401536286208160e+00
1.636488525198968258e+00
1.842730690647012448e+00
1.994568163131885896e+00
1.773483027194056039e+00
1.825330350395305778e+00
2.269060328076032196e+00
1.852784973232223908e+00
2.060204841645539631e+00
2.284801574870255703e+00
1.834418992292496497e+00
2.120846660055633492e+00
2.320487836857120012e+00
1.933229409909428709e+00
2.320233347945646063e+00
2.344247340603298646e+00
1.777099556924317758e+00
2.957653987050435251e+00
1.505161499058095487e+00
1.555675335639117751e+00
3.464428748650677736e+00
1.595801930359853404e+00
4.065592523702823868e+00
2.163201147160120907e+00
3.482654577235048787e+00
1.384111379163378341e+00
1.792587466887750614e+00
1.496472304619012039e+00
1.455339184638130057e+00
1.387329783983509257e+00
1.344902610836938184e+00
1.621391153738283686e+00
1.546545409283433647e+00
2.108390883844191599e+00
2.352937703638308342e+00
2.138585826972213333e+00
2.266568655088567752e+00
2.514361777006460574e+00
2.657600582334054273e+00
2.566963805455631409e+00
2.684025707900157265e+00
2.807573191802852808e+00
2.617476043527681817e+00
2.042827905402609723e+00
2.296778057628607428e+00
2.227618639106754284e+00
2.597407389398568078e+00
1.659757261921912308e+00
1.821032743730169656e+00
2.611049823259411262e+00
1.853946472707443949e+00
2.292293775148957380e+00
3.021484653991072467e+00
4.989003053787293140e+00
4.448000976189813827e+00
5.084496908292137185e+00
1.716569139463401505e+00
1.622856667644599238e+00
1.603906978271404382e+00
1.391203082325012108e+00
2.086012261128252998e+00
2.132463026649912052e+00
2.234913442133709793e+00
2.143908077190294748e+00
2.002781894917621042e+00
2.088307363006620232e+00
2.325935185416328377e+00
2.125782854675955402e+00
2.289190903962055046e+00
2.303647058646002943e+00
2.892896538007181384e+00
2.868178028980207461e+00
3.458970675832500064e+00
1.611318122201965020e+00
1.757342257270258168e+00
1.773380661102116340e+00
2.393492175133859146e+00
2.219676913029604570e+00
2.221867443139175613e+00
2.516427098290555442e+00
1.371906305167162055e+00
1.356421186486562958e+00
2.158446119534426444e+00
2.317092413621732128e+00
2.158999573530027583e+00
2.196422391073954650e+00
1.688961018565610539e+00
1.692304270778621778e+00
1.690781461008654674e+00
1.388220312963982961e+00
1.806695022832303765e+00
1.520062125695256006e+00
2.706575627102305148e+00
2.027916492431927065e+00
1.494798210604331379e+00
2.245105690272281240e+00
2.279980431533754626e+00
1.963894625938898075e+00
1.509472280409804856e+00
2.733078364244642788e+00
1.421682626373270919e+00
1.426837783932143555e+00
1.406494876261879412e+00
1.434760624312880317e+00
1.343964213753106707e+00
2.062936766106882480e+00
1.922059035068800048e+00
1.761683418048650918e+00
1.789712232292728578e+00
1.377834170647475487e+00
1.659106955401378203e+00
1.760495633471575561e+00
1.472679803583224700e+00
1.505738953915775280e+00
1.810111614615267150e+00
1.704630889150108075e+00
1.341141132407708714e+00
1.768454087130604258e+00
1.456860779247478810e+00
1.622005348957097137e+00
1.861821632062055976e+00
1.293468205632183121e+00
1.780833332011912074e+00
1.301257266481929964e+00
1.306076847406280272e+00
2.681962304599518454e+00
1.846234744538996608e+00
1.776766160362629243e+00
1.440877067416548085e+00
1.699065105238491524e+00
1.886454828658526095e+00
1.471284580110529872e+00
1.382379839312608105e+00
1.534395242784239555e+00
2.580866821766819363e+00
1.657412584719240911e+00
1.494212427249525188e+00
1.243685029133591469e+00
1.457719521775029614e+00
1.816122724899864815e+00
1.409396589589780646e+00
2.464330303346772055e+00
1.611169765875878568e+00
1.446793962865527527e+00
1.767132841304734692e+00
1.804423196049494083e+00
1.402273542836449671e+00
1.182737171992884306e+00
1.497655527854222068e+00
1.711428537697005092e+00
1.809960708313221200e+00
1.717640319416375849e+00
1.458981985367916678e+00
1.833771315352357156e+00
1.658168983228123228e+00
1.563166572132311583e+00
1.753605119663550926e+00
1.830937521308618310e+00
1.172792237676776095e+00
1.461617474152586027e+00
1.468852017855229786e+00
1.873550133570826892e+00
1.868341096510560906e+00
1.538448039703248060e+00
1.296138072621206172e+00
1.781170371646945139e+00
1.639262390301865935e+00
1.730601418405490755e+00
1.807259805291692389e+00
1.747032759637975774e+00
1.852645852702254903e+00
1.844946052675925152e+00
1.405748527913042389e+00
1.727710422926866274e+00
1.558231334210691488e+00
1.712208832206365550e+00
1.863289167495836729e+00
1.636149655235410005e+00
1.761039311916380301e+00
1.859145399622642580e+00
1.927745995212727159e+00
1.840755023107140120e+00
1.820155892938089659e+00
2.023324683699614823e+00
1.761979670786086638e+00
1.402464725235213372e+00
1.560125252624540826e+00
2.190516033003055529e+00
1.729486709082536988e+00
1.891780238219564314e+00
2.225477909406518684e+00
2.223090935769066689e+00
1.742679042597158556e+00
1.868955571266719851e+00
1.984352271981407068e+00
1.713085591600853608e+00
2.341931177917781604e+00
2.179497647588807929e+00
2.122392931906163849e+00
2.108061459305592411e+00
1.923854008662740478e+00
1.745918447277384766e+00
2.328350872883717226e+00
2.220549562770113727e+00
2.029730924548709403e+00
1.923001520768234496e+00
2.033406312827703566e+00
1.795811616138475397e+00
2.089539588900456657e+00
1.582811245869210071e+00
1.660182287956089020e+00
