8.227698803022369667e-01
3.579094042083843963e+00
1.929999475161413292e-01
1.801583238862865810e-01
2.836682229591596993e+00
3.768680007390233788e-01
2.353191903613041092e-01
3.428121592519379202e-01
1.178349783908956949e+00
1.842313450754340387e+00
2.161762003775926089e-01
1.346225176391894429e+00
2.640564092759064563e-01
3.566052916622237112e-01
5.366007941463049047e-01
2.947858188556921610e-01
1.144660919078146488e+00
1.555940043739740819e+00
2.212117854851171295e+00
3.646388037023681195e-01
2.735549912370327519e-01
6.809064178884050023e-01
9.523872565919558886e-01
6.051488281237127342e-01
4.272793943688592000e-01
1.172158330020042438e+00
3.281967787792363644e+00
3.530030510496414031e+00
1.920352531853582345e+00
1.868526522487562458e+00
1.384616625900836340e+00
1.247387739230719994e+00
6.940735452818941331e-01
4.496761968762021944e-01
1.230419447462767435e+00
1.250624382258889167e+00
1.190029673757293294e+00
2.901744403728967914e+00
1.669265853803559185e+00
1.027174814186816665e+00
5.715122815922797361e-01
4.532536384781373218e-01
3.612919606385046611e-01
4.115039090057082682e-01
1.642788907941384657e+00
3.101298671295079856e+00
1.873702935757258992e+00
6.665537035927348031e-01
5.235703063506851329e-01
4.825349764529150987e-01
1.673770089291053642e+00
4.309084681537814210e-01
8.919461440763006843e-01
3.598739208555578717e+00
4.210669176446346640e-01
8.916094927130931991e-01
5.992715712758249769e-01
5.135077766691756862e-01
4.750573174771237639e-01
1.214960066920386828e+00
2.986722159295568613e+00
2.089339606753217726e+00
3.468092115549153309e+00
2.090976140309079412e+00
1.719726473440240433e+00
1.933736547103775960e+00
1.636111830563613978e+00
1.171062804655525813e+00
1.209009034767889901e+00
1.060360978596797565e+00
4.979470675631689214e-01
4.750288350041658725e-01
3.869212175950785260e-01
1.906283306956326085e+00
6.562240271691394122e-01
1.526524172871069895e+00
2.408706108160747483e+00
2.158262079741875894e+00
2.992252764981148339e+00
1.320072031828347647e+00
9.594848431547812195e-01
1.074543729189641361e+00
9.092398168728669239e-01
2.018208282475412840e+00
1.485445872628829989e+00
2.082120111770593862e+00
1.797481079762172085e+00
6.143535023868770262e-01
1.423942531796878130e+00
7.172339283771094198e-01
3.984568274797117393e+00
1.158176291404770186e+00
1.252166584720304066e+00
1.265587739870128292e+00
1.483791938687321288e+00
1.418370443204784337e+00
2.488462271248648161e+00
2.103737191282306185e+00
1.912109153076369195e+00
1.861567038005960351e+00
5.955715193365233029e-01
1.895844472258459534e+00
7.683232663748478242e-01
8.552076482444403993e-01
3.870366211310364846e-01
1.866021578775181933e+00
2.988735162061682438e+00
2.552812718586758844e+00
2.571628636797630652e+00
1.911722365925526690e+00
2.150252836320909022e+00
1.602586089121801560e+00
1.413352671426549634e+00
9.347526531536737293e-01
6.485654223208454638e-01
4.813472965851849916e-01
5.040184339487977505e-01
1.475739469048211294e+00
1.615980270295358068e+00
1.986061254234560813e+00
2.235526964579537701e+00
2.346708986326554669e+00
5.857825344468198248e-01
2.595488842095110993e+00
6.588877064110645332e-01
2.690338027142744171e+00
8.490853484658245076e-01
1.457697918863011921e+00
1.032333708466735445e+00
4.763332894705783471e-01
4.820071695222328256e-01
2.827450400808284137e+00
2.448162880279025622e+00
4.027000543542066602e+00
6.458260764242288454e-01
3.757093737552880675e-01
5.248863758304719296e-01
7.145081827494292881e-01
2.179793513339028266e+00
1.649306281469375302e+00
1.096987109151140727e+00
1.091269521832950007e+00
1.479554377176218294e+00
3.952922545228965578e+00
2.480421693100189895e+00
8.675056287006989164e-01
1.618820390326337844e+00
1.766446542794125829e+00
1.914370910388765612e+00
4.111937390424332261e-01
1.879231483604524966e+00
5.596070667439942969e-01
2.122645157103663749e+00
9.644200544504131223e-01
1.437640680778640379e+00
7.529847474943713870e-01
7.550698845102551404e-01
5.753241470989867157e-01
2.030489213282570482e+00
1.635840783056758507e+00
4.920359549715094261e-01
4.431893755169790672e-01
2.507993682948259195e+00
8.737727859796466934e-01
2.714474436886859188e+00
1.393584765598934627e+00
1.551463458589841915e+00
9.681034639876483494e-01
1.025146714144330229e+00
1.765634251485901363e+00
1.574900149932405347e+00
1.146593610954062203e+00
1.394172383420567707e+00
1.087483332558534466e+00
6.384037053577501508e-01
7.304253903339330556e-01
1.221724698163453082e+00
1.337390982255687311e+00
7.362804280469482654e-01
4.868240526836700166e-01
1.983738736063062724e+00
1.613780483913093367e+00
1.113187756784868698e+00
1.878383193757212855e+00
1.944675726191948284e+00
5.244281843054510173e-01
1.963655665132655548e+00
4.599073712121007351e-01
2.004010671048300996e+00
5.596776171656525634e-01
8.706951199825491150e-01
1.600295703881222220e+00
1.629379649139194974e+00
2.569821299366814582e+00
6.991461188906850088e-01
6.438015307937788867e-01
7.607655479941954901e-01
1.234215524300497746e+00
2.317760628851854854e+00
1.609258632711719761e+00
1.671209460092897503e+00
1.461262033226936152e+00
1.293410292782011695e+00
1.092353467129815403e+00
5.236222497365167206e-01
4.225023693028971961e-01
1.761281551472068552e+00
1.249958558589482793e+00
1.210092922933119652e+00
1.900575131699456577e+00
7.159770465353035851e-01
1.893981899239085998e+00
4.559375282787392347e-01
3.369919223826378096e-01
1.912749150116735741e+00
4.182034545925917834e-01
3.647976133335797400e-01
1.934510370359020737e+00
4.836108597677855059e-01
5.731819335925237846e-01
2.023105233252894930e+00
6.313696803260633317e-01
8.670185475359293292e-01
2.082381886579912411e+00
1.052617128041972938e+00
2.202859321696110761e+00
1.426413402614288728e+00
1.446417895373925733e+00
1.539143405143431620e+00
1.571473077988616573e+00
1.214461693497167483e+00
1.054440857062178605e+00
7.794442085215536054e-01
4.102697207239237365e+00
1.945913229858837745e+00
2.286896345082042092e+00
1.686741358214915998e+00
1.467366809264442074e+00
1.370814904792247324e+00
1.116567521405617658e+00
1.621095920948035118e+00
3.982602036798814638e-01
1.788021800448101439e+00
6.985115274433167931e-01
1.944661103033601623e+00
6.245964540990873726e-01
1.261756584562109706e+00
1.992353530575845300e+00
1.356361239155568832e+00
1.879796059984687240e+00
1.884448369403600054e+00
1.302650131625128660e+00
1.531897302955679940e+00
1.609239839963691576e+00
1.682348098905684708e+00
1.415647307081128181e+00
1.349471190008367572e+00
1.337191298083657554e+00
1.366049025794809690e+00
1.204653876404521595e+00
9.109553864090237374e-01
8.872453235475953326e-01
5.753156932787036881e-01
6.177966422749637809e-01
2.701207877421381909e+00
4.345913286253511032e+00
2.115792524362761995e+00
1.380785359747659813e+00
1.258699191449625721e+00
1.030905030615334006e+00
1.806466776549489728e+00
9.687092117882158959e-01
1.310283285535053244e+00
1.495020287720746577e+00
1.701839611120240736e+00
1.444764876170678836e+00
1.794645995263175919e+00
1.954190572567946038e+00
1.861646085222174785e+00
1.698328444484120459e+00
1.106630173514718818e+00
2.323126212228420862e+00
1.244032490438230942e+00
1.696905878648528043e+00
7.622796088877877851e-01
1.049081735737831478e+00
1.179213719962617146e+00
1.531606447702202667e+00
1.921291558889655748e+00
1.248102766927918994e+00
1.048364303008133769e+00
8.488671241906136089e-01
7.410829008519866923e-01
1.130974182482614498e+00
2.189913281499178410e+00
2.591118453237416297e+00
4.079038862221656458e+00
1.163319395562723235e+00
1.088075408714541004e+00
1.288130558721220398e+00
1.775567660958417893e+00
2.034940637893184689e+00
1.700441250120187764e+00
7.257855803820874030e-01
5.591065258150779149e-01
7.922236107589212262e-01
1.088968866745348096e+00
1.713477285879522194e+00
1.581176157673328087e+00
1.412302256834523151e+00
1.286605241279501044e+00
1.128040957983291515e+00
1.297757553126626329e+00
7.308822859301910002e-01
7.213870065731865511e-01
2.471746765001990198e+00
3.556069264144143816e+00
1.572102321528557667e+00
1.293521886501145080e+00
2.073785491184311436e+00
1.731063837791747551e+00
1.272827883563656615e+00
1.088977603569912134e+00
1.905853158005573755e+00
1.470804157325786177e+00
1.003790641579924703e+00
9.611758425638430303e-01
2.025323046445361541e+00
2.843913365519555647e+00
1.339215418686936498e+00
2.483624728147407534e+00
1.180564885272139319e+00
1.177844887440020027e+00
1.598445283587613064e+00
1.838827187794089379e+00
2.404955988922821142e+00
1.180401121106609663e+00
1.346788944244913244e+00
2.135243546750091426e+00
1.261820264456230856e+00
1.249159384147419782e+00
1.364556384191750515e+00
1.651120868637043992e+00
2.070713439138341272e+00
1.740762765807784662e+00
1.670829889340552432e+00
1.436436786876513771e+00
2.368545741087264123e+00
1.303053519831224083e+00
1.640331919960652529e+00
1.981402214087027769e+00
1.222081709445049347e+00
2.292171372418103648e+00
2.068492908609926850e+00
1.818830423821221842e+00
1.451124195331388256e+00
1.358189421408558806e+00
2.152918497034732592e+00
1.910676314125755004e+00
1.937166175228573595e+00
1.050629517479911179e+00
2.109212992664317277e+00
1.884278855827772103e+00
4.150060099894999688e+00
1.721092394671089876e+00
2.403674182068880949e+00
1.139185066469120988e+00
1.210605343071296858e+00
1.349059476777962452e+00
1.656505844582833342e+00
2.407060520736766129e+00
1.208744625079285262e+00
1.071966031560127819e+00
1.767895766208763098e+00
1.845675195735767993e+00
1.704589460035625947e+00
1.785475649068815285e+00
2.209028242438842327e+00
1.420187343889836695e+00
9.925978694052026707e-01
4.048766320042147093e+00
1.577205404227186802e+00
1.047309527008523311e+00
2.106378188708343480e+00
2.272950222182856805e+00
1.908409658000377318e+00
2.180990706098961507e+00
2.097982212084705367e+00
2.435637715474742393e+00
8.970574797458550353e-01
2.262550196793839952e+00
1.787701869027374935e+00
1.770836333512068705e+00
1.231811901642231977e+00
1.256337982256391150e+00
7.883827294872670643e-01
1.756997748317684849e+00
2.487180244147913388e+00
9.990189541185406918e-01
8.997139510646896543e-01
1.686713848044646413e+00
2.252764209712298182e+00
2.106664855196961561e+00
1.991874167296668885e+00
1.053013022551319011e+00
7.526958316056574505e-01
8.285100226440245130e-01
9.555914007622920980e-01
1.184538233180725486e+00
1.450329578576869727e+00
1.077648138427884206e+00
1.112561647148891275e+00
2.266562301062511331e+00
2.273771005725992556e+00
1.116663117863080146e+00
2.432796786118782695e+00
1.081826444214164740e+00
1.795281204046370149e+00
2.085804251218899452e+00
